0 0.41900000000000004 0.29974999999999996 0.42666666666666664 0.31525 0.42533333333333334 0.3175 0.42666666666666664 0.32049999999999995 0.42533333333333334 0.33225000000000005 0.42866666666666664 0.33449999999999996 0.44199999999999995 0.33675 0.4493333333333333 0.3405 0.453 0.3405 0.45466666666666666 0.33875 0.45333333333333337 0.3375 0.436 0.33025 0.4326666666666667 0.32475 0.4333333333333333 0.3175 0.43233333333333335 0.3105 0.4263333333333333 0.30025 0.4226666666666667 0.29675 0.41133333333333333 0.28975 0.391 0.2835 0.38933333333333336 0.28425 0.3883333333333333 0.2865 0.3896666666666667 0.28775 0.4043333333333333 0.29225 0.41900000000000004 0.29974999999999996
0 0.4396666666666667 0.20975 0.446 0.2115 0.45599999999999996 0.21825000000000003 0.462 0.22025 0.4783333333333333 0.2205 0.488 0.218 0.498 0.214 0.5093333333333333 0.20825 0.5116666666666666 0.20600000000000002 0.5103333333333333 0.20425000000000001 0.5083333333333333 0.204 0.48366666666666663 0.2145 0.47733333333333333 0.216 0.4726666666666667 0.216 0.4633333333333333 0.215 0.45399999999999996 0.21125000000000002 0.4466666666666667 0.20575 0.443 0.20475 0.439 0.20500000000000002 0.435 0.2065 0.4256666666666667 0.21275 0.42100000000000004 0.21675 0.4206666666666667 0.21825000000000003 0.42033333333333334 0.22025 0.422 0.2205 0.43366666666666664 0.212 0.4396666666666667 0.20975
0 0.5643333333333334 0.25225 0.5676666666666667 0.25075 0.573 0.24250000000000002 0.579 0.23625000000000002 0.5896666666666667 0.2295 0.6020000000000001 0.2275 0.621 0.22724999999999998 0.6266666666666667 0.22375 0.6246666666666667 0.223 0.6143333333333333 0.223 0.5923333333333334 0.224 0.585 0.22724999999999998 0.5746666666666667 0.23450000000000001 0.5666666666666667 0.24575 0.5626666666666666 0.24725 0.558 0.2465 0.5446666666666666 0.24125 0.5423333333333333 0.24175000000000002 0.5396666666666666 0.2445 0.5406666666666667 0.24575 0.5593333333333333 0.25175 0.5643333333333334 0.25225
0 0.4943333333333333 0.5365 0.497 0.535 0.511 0.532 0.519 0.532 0.5323333333333333 0.53525 0.5456666666666666 0.54025 0.5499999999999999 0.543 0.5536666666666666 0.54325 0.569 0.53725 0.5733333333333334 0.5365 0.5783333333333334 0.53275 0.571 0.53275 0.5566666666666666 0.53825 0.5499999999999999 0.538 0.539 0.53275 0.526 0.529 0.5153333333333333 0.5275 0.5046666666666666 0.52925 0.479 0.53625 0.477 0.53775 0.47533333333333333 0.53975 0.48000000000000004 0.54 0.48366666666666663 0.53825 0.4943333333333333 0.5365
0 0.5646666666666667 0.45825 0.5726666666666667 0.47324999999999995 0.5743333333333334 0.48000000000000004 0.578 0.48300000000000004 0.578 0.477 0.5713333333333334 0.46025 0.5656666666666667 0.453 0.556 0.446 0.547 0.44225 0.5353333333333333 0.43925 0.532 0.43575 0.5343333333333333 0.42600000000000005 0.5363333333333333 0.42274999999999996 0.5363333333333333 0.4185 0.5326666666666666 0.42 0.5293333333333333 0.43125 0.5283333333333333 0.44 0.5506666666666666 0.448 0.556 0.45075 0.5646666666666667 0.45825
0 0.41333333333333333 0.6027499999999999 0.411 0.61475 0.41133333333333333 0.61975 0.415 0.6225 0.41833333333333333 0.6222500000000001 0.42533333333333334 0.62425 0.43566666666666665 0.6255000000000001 0.439 0.625 0.4403333333333333 0.6232500000000001 0.43933333333333335 0.6222500000000001 0.4306666666666667 0.6215 0.41900000000000004 0.6185 0.416 0.61483325 0.41833333333333333 0.59725 0.4166666666666667 0.5885 0.4046666666666667 0.567 0.3983333333333334 0.5597500000000001 0.3973333333333333 0.559 0.396 0.5597500000000001 0.3966666666666667 0.56425 0.40599999999999997 0.57675 0.4126666666666666 0.59075 0.41333333333333333 0.6027499999999999
0 0.32 0.6517499999999999 0.30533333333333335 0.6615 0.305 0.66325 0.3026666666666667 0.6647500000000001 0.30366666666666664 0.6659999999999999 0.3236666666666667 0.6545000000000001 0.32833333333333337 0.651 0.3293333333333333 0.6485 0.32866666666666666 0.64375 0.3193333333333333 0.6237499999999999 0.318 0.617 0.3193333333333333 0.6090000000000001 0.3263333333333333 0.5915 0.32566666666666666 0.58575 0.32666666666666666 0.58375 0.33666666666666667 0.57075 0.349 0.559 0.35533333333333333 0.55525 0.359 0.5545 0.372 0.5485 0.38033333333333336 0.54675 0.3863333333333333 0.54325 0.3883333333333333 0.53975 0.39133333333333337 0.52675 0.39066666666666666 0.522 0.387 0.5255 0.38433333333333336 0.5365 0.38166666666666665 0.54025 0.36266666666666664 0.54625 0.34933333333333333 0.55325 0.33799999999999997 0.5630000000000001 0.3243333333333333 0.5785 0.322 0.5812499999999999 0.323 0.5855 0.3223333333333333 0.5905 0.31333333333333335 0.61275 0.314 0.622 0.323 0.6435000000000001 0.323 0.64825 0.32 0.6517499999999999
0 0.252 0.32775 0.2723333333333333 0.347 0.2763333333333333 0.34725 0.294 0.3425 0.30100000000000005 0.3385 0.30033333333333334 0.3375 0.29633333333333334 0.3375 0.27566666666666667 0.34325 0.27033333333333337 0.33999999999999997 0.2663333333333333 0.33425 0.259 0.327 0.249 0.32075 0.241 0.3175 0.22233333333333333 0.31425 0.20666666666666667 0.31375 0.2063333333333333 0.31525 0.21066666666666667 0.3175 0.2323333333333333 0.31975000000000003 0.252 0.32775
0 0.15366666666666667 0.269 0.15433333333333332 0.273 0.14966666666666667 0.277 0.14666666666666667 0.28625 0.14633333333333334 0.293 0.15266666666666667 0.30725 0.16466666666666666 0.32175000000000004 0.16899999999999998 0.3245 0.171 0.321 0.15666666666666668 0.305 0.15266666666666667 0.297 0.151 0.28975 0.15333333333333332 0.28075 0.15966666666666665 0.26975 0.159 0.26699999999999996 0.152 0.26175 0.13666666666666666 0.2545 0.13533333333333333 0.255 0.136 0.2585 0.14200000000000002 0.2605 0.15366666666666667 0.269
0 0.055 0.6475000000000001 0.052 0.65075 0.05366666666666667 0.6517499999999999 0.06366666666666666 0.6475000000000001 0.07933333333333333 0.63725 0.07966666666666666 0.6052500000000001 0.08700000000000001 0.5882499999999999 0.09533333333333333 0.578 0.09633333333333333 0.57475 0.09533333333333333 0.57275 0.09166666666666667 0.57425 0.07700000000000001 0.5950000000000001 0.07366666666666667 0.619 0.074 0.6337499999999999 0.065 0.642 0.055 0.6475000000000001
0 0.5506666666666666 0.289 0.5569999999999999 0.28675 0.5626666666666666 0.28099999999999997 0.5673333333333334 0.27925 0.5843333333333333 0.278 0.5916666666666667 0.27849999999999997 0.613 0.2865 0.6163333333333333 0.28725 0.618 0.28625 0.6166666666666666 0.28250000000000003 0.6103333333333333 0.28099999999999997 0.5986666666666667 0.27575 0.5893333333333334 0.27375 0.5646666666666667 0.2745 0.5526666666666666 0.28425 0.5496666666666666 0.28525 0.5293333333333333 0.2855 0.5266666666666667 0.28625 0.5266666666666667 0.28775 0.5286666666666666 0.28925 0.5446666666666666 0.28975 0.5506666666666666 0.289
0 0.684 0.48924999999999996 0.678 0.49475 0.6746666666666667 0.5015 0.6746666666666667 0.50525 0.6786666666666668 0.5155 0.6963333333333332 0.54025 0.6976666666666667 0.53975 0.6973333333333334 0.53575 0.6913333333333334 0.52625 0.6896666666666667 0.52125 0.681 0.5105 0.6796666666666666 0.50575 0.6799999999999999 0.49974999999999997 0.6896666666666667 0.487 0.6903333333333334 0.48374999999999996 0.6786666666666668 0.46649999999999997 0.6763333333333333 0.46725 0.6759999999999999 0.46925 0.678 0.47425 0.684 0.4805 0.685 0.486 0.684 0.48924999999999996