0 0.335 0.197 0.34299999999999997 0.19733333333333333 0.34625 0.198 0.35675 0.2053333333333333 0.35925 0.20500000000000002 0.36275 0.20233333333333334 0.37025 0.19566666666666668 0.37225 0.192 0.36975 0.18966666666666668 0.36275 0.19499999999999998 0.35650000000000004 0.198 0.34875 0.19166666666666665 0.33725 0.189 0.322 0.19266666666666665 0.309 0.19766666666666666 0.30775 0.19966666666666666 0.31075 0.2026666666666667 0.32425 0.20066666666666666 0.335 0.197
0 0.377 0.26 0.37474999999999997 0.26333333333333336 0.36224999999999996 0.268 0.3615 0.269 0.36275 0.27166666666666667 0.37025 0.26933333333333337 0.38025 0.264 0.381 0.244 0.38525 0.22866666666666668 0.39625 0.21433333333333332 0.401 0.21 0.40175000000000005 0.20666666666666667 0.40049999999999997 0.20566666666666666 0.39775 0.20733333333333334 0.38649999999999995 0.22033333333333333 0.37975 0.23133333333333336 0.377 0.24433333333333335 0.37725000000000003 0.25166666666666665 0.37825 0.25433333333333336 0.377 0.26
0 0.43225 0.436 0.434 0.4326666666666667 0.4375 0.43166666666666664 0.44125000000000003 0.434 0.44275 0.437 0.44775 0.44066666666666665 0.453 0.447 0.45799999999999996 0.44966666666666666 0.47825 0.45033333333333336 0.48425 0.44966666666666666 0.48524999999999996 0.4473333333333333 0.48500000000000004 0.44566666666666666 0.48150000000000004 0.44466666666666665 0.46875 0.4473333333333333 0.45599999999999996 0.44466666666666665 0.44825000000000004 0.438 0.43925 0.42600000000000005 0.43524999999999997 0.4276666666666667 0.434 0.43 0.4235 0.4396666666666667 0.42324999999999996 0.4423333333333333 0.42525 0.443 0.42974999999999997 0.43733333333333335 0.43225 0.436
0 0.58075 0.47933333333333333 0.5842499999999999 0.4776666666666667 0.593 0.48433333333333334 0.5954999999999999 0.488 0.60575 0.491 0.6090000000000001 0.49066666666666664 0.6174999999999999 0.48766666666666664 0.6315 0.47733333333333333 0.6339999999999999 0.47333333333333333 0.6335000000000001 0.4723333333333333 0.63 0.4723333333333333 0.617 0.48300000000000004 0.61 0.486 0.60425 0.4866666666666667 0.5942500000000001 0.482 0.585 0.4716666666666666 0.5825 0.4716666666666666 0.57075 0.4853333333333333 0.56925 0.48766666666666664 0.571 0.49033333333333334 0.5745 0.48766666666666664 0.58075 0.47933333333333333
0 0.50225 0.4306666666666667 0.51225 0.4403333333333333 0.52325 0.444 0.53025 0.4403333333333333 0.5445 0.42866666666666664 0.54325 0.4263333333333333 0.5407500000000001 0.42733333333333334 0.53325 0.4333333333333333 0.522 0.43933333333333335 0.51025 0.43366666666666664 0.49875 0.4236666666666667 0.49475 0.42233333333333334 0.48175 0.43566666666666665 0.48075 0.43933333333333335 0.48425 0.43866666666666665 0.4985 0.42866666666666664 0.50225 0.4306666666666667
0 0.51325 0.517 0.52225 0.514 0.53025 0.4986666666666667 0.53225 0.48833333333333334 0.53225 0.4633333333333333 0.52925 0.4626666666666667 0.5285000000000001 0.4866666666666667 0.524 0.504 0.51975 0.5106666666666667 0.5055000000000001 0.5153333333333333 0.498 0.535 0.49825 0.5376666666666666 0.5015 0.5376666666666666 0.507 0.5216666666666667 0.51325 0.517
0 0.5815 0.6796666666666666 0.5792499999999999 0.6880000000000001 0.578 0.6890000000000001 0.578 0.6926666666666668 0.5815 0.691 0.5885 0.6743333333333333 0.5925 0.6616666666666666 0.5925 0.646 0.58975 0.6336666666666667 0.58875 0.6236666666666666 0.5912499999999999 0.6186666666666667 0.598 0.6163333333333333 0.6034999999999999 0.6126666666666667 0.6024999999999999 0.6093333333333334 0.6012500000000001 0.6093333333333334 0.58675 0.6163333333333333 0.5840000000000001 0.6196666666666667 0.58925 0.6496666666666667 0.589 0.6546666666666666 0.5865 0.6686666666666666 0.5815 0.6796666666666666
0 0.2445 0.614 0.255 0.6113333333333334 0.27075 0.6103333333333333 0.27925 0.614 0.29325 0.6256666666666667 0.29475 0.6243333333333333 0.294 0.622 0.28425 0.612 0.272 0.6063333333333333 0.262 0.6056666666666667 0.24950000000000003 0.6086666666666667 0.24375 0.6043333333333334 0.24125 0.594 0.23775 0.5896666666666667 0.23725000000000002 0.5906666666666667 0.23775 0.5966666666666667 0.2395 0.5983333333333334 0.24125 0.6076666666666667 0.2445 0.614
0 0.34625 0.394 0.34375 0.39766666666666667 0.33799999999999997 0.40399999999999997 0.33575000000000005 0.41133333333333333 0.33575000000000005 0.4186666666666667 0.33775 0.42866666666666664 0.34525 0.446 0.34725 0.448 0.349 0.45266666666666666 0.35225 0.453 0.349 0.4443333333333333 0.34349999999999997 0.43433333333333335 0.34025 0.425 0.33999999999999997 0.409 0.34975 0.39433333333333337 0.349 0.38666666666666666 0.3465 0.3813333333333333 0.34525 0.37466666666666665 0.342 0.37 0.34125 0.37233333333333335 0.34450000000000003 0.385 0.3465 0.388 0.34675 0.39133333333333337 0.34625 0.394
0 0.464 0.7346666666666666 0.4605 0.7366666666666667 0.45025000000000004 0.7383333333333333 0.446 0.7376666666666667 0.44625 0.7386666666666666 0.467 0.7386666666666666 0.46875 0.735 0.46925 0.7236666666666667 0.47300000000000003 0.7083333333333334 0.48500000000000004 0.6876666666666666 0.4945 0.6786666666666668 0.49550000000000005 0.6759999999999999 0.495 0.674 0.49125 0.6753333333333335 0.477 0.6923333333333334 0.47 0.7046666666666667 0.46675 0.7166666666666667 0.4655 0.731 0.464 0.7346666666666666
0 0.36525 0.32533333333333336 0.36475 0.31888900000000003 0.37175 0.30366666666666664 0.38325 0.29133333333333333 0.38675 0.2886666666666666 0.3925 0.2866666666666667 0.39699999999999996 0.2826666666666667 0.39499999999999996 0.27499999999999997 0.394 0.259 0.39149999999999996 0.26133333333333336 0.39375 0.27499999999999997 0.39325 0.279 0.39125000000000004 0.2813333333333333 0.37775 0.2876666666666667 0.373 0.29233333333333333 0.366 0.30366666666666664 0.359 0.321 0.35850000000000004 0.325 0.35925 0.3263333333333333 0.3645 0.327 0.36525 0.32533333333333336
0 0.253 0.33099999999999996 0.24975 0.341 0.24675 0.3453333333333333 0.24825 0.34833333333333333 0.2535 0.342 0.25875 0.31766666666666665 0.25875 0.30366666666666664 0.25375000000000003 0.29566666666666663 0.25175 0.29033333333333333 0.2515 0.2866666666666667 0.25925 0.273 0.25925 0.26866666666666666 0.2575 0.26866666666666666 0.25475000000000003 0.2713333333333333 0.25325 0.2753333333333333 0.248 0.2823333333333333 0.247 0.2856666666666667 0.248 0.291 0.25375000000000003 0.3013333333333333 0.255 0.3076666666666667 0.253 0.33099999999999996
0 0.41700000000000004 0.7596666666666666 0.41200000000000003 0.7643333333333333 0.405 0.7653333333333334 0.40075 0.769 0.4015 0.7696666666666666 0.405 0.77 0.41050000000000003 0.7666666666666666 0.41750000000000004 0.7659999999999999 0.42 0.763 0.42025 0.7546666666666667 0.41750000000000004 0.7346666666666666 0.4195 0.723 0.424 0.7126666666666667 0.4335 0.6996666666666665 0.4355 0.6950000000000001 0.432 0.6943333333333334 0.41750000000000004 0.7170000000000001 0.41424999999999995 0.7296666666666667 0.4145 0.7416666666666666 0.41725 0.7516666666666667 0.41700000000000004 0.7596666666666666