0 0.42974999999999997 0.337 0.4185 0.35933333333333334 0.41774999999999995 0.36266666666666664 0.42175 0.372 0.429 0.38299999999999995 0.43024999999999997 0.38 0.4235 0.36833333333333335 0.42274999999999996 0.36233333333333334 0.43275 0.339 0.43374999999999997 0.32766666666666666 0.43225 0.32 0.42875 0.31166666666666665 0.427 0.31 0.42525 0.304 0.42175 0.29833333333333334 0.42050000000000004 0.29966666666666664 0.42175 0.3056666666666667 0.43024999999999997 0.323 0.431 0.33233333333333337 0.42974999999999997 0.337
0 0.5035 0.33799999999999997 0.504 0.34600000000000003 0.50025 0.3616666666666667 0.50075 0.36633333333333334 0.51525 0.37466666666666665 0.51775 0.3743333333333333 0.518 0.373 0.5135 0.37166666666666665 0.512 0.3693333333333333 0.5075000000000001 0.36833333333333335 0.50525 0.365 0.504 0.361 0.5055000000000001 0.35633333333333334 0.50725 0.3416666666666667 0.5055000000000001 0.33366666666666667 0.50175 0.325 0.48425 0.30733333333333335 0.48075 0.30666666666666664 0.48125 0.31066666666666665 0.48874999999999996 0.31566666666666665 0.49974999999999997 0.328 0.5035 0.33799999999999997
0 0.61075 0.30533333333333335 0.6162500000000001 0.32333333333333336 0.6232500000000001 0.33599999999999997 0.6295000000000001 0.342 0.6402500000000001 0.349 0.647 0.3526666666666667 0.6505000000000001 0.35233333333333333 0.649 0.3486666666666667 0.639 0.3436666666666667 0.62925 0.33666666666666667 0.6225 0.328 0.618 0.319 0.61275 0.3006666666666667 0.6090000000000001 0.29966666666666664 0.60425 0.30233333333333334 0.59675 0.30366666666666664 0.592 0.30666666666666664 0.5925 0.30800000000000005 0.5954999999999999 0.30866666666666664 0.60375 0.305 0.61075 0.30533333333333335
0 0.54475 0.4043333333333333 0.556 0.39366666666666666 0.55775 0.389 0.5595 0.37333333333333335 0.571 0.36266666666666664 0.57175 0.35833333333333334 0.571 0.35733333333333334 0.5680000000000001 0.35800000000000004 0.55525 0.3693333333333333 0.55325 0.37466666666666665 0.55225 0.387 0.55025 0.39133333333333337 0.54275 0.39866666666666667 0.53275 0.4043333333333333 0.515 0.4073333333333333 0.51475 0.41133333333333333 0.517 0.4116666666666667 0.536 0.4086666666666667 0.54475 0.4043333333333333
0 0.30775 0.6336666666666667 0.316 0.6246666666666667 0.32075 0.6213333333333333 0.33125 0.6343333333333333 0.335 0.636 0.33525 0.6333333333333334 0.3245 0.6183333333333333 0.32049999999999995 0.6160000000000001 0.3145 0.6196666666666667 0.3065 0.6286666666666667 0.29750000000000004 0.636 0.2905 0.638 0.27825 0.638 0.26825 0.64 0.269 0.6423333333333333 0.27049999999999996 0.6426666666666667 0.29675 0.6409999999999999 0.30775 0.6336666666666667
0 0.60175 0.8126666666666666 0.599 0.8350000000000001 0.6012500000000001 0.8393333333333333 0.6052500000000001 0.8423333333333333 0.61975 0.8486666666666667 0.6204999999999999 0.846 0.61975 0.8443333333333334 0.611 0.8403333333333334 0.604 0.8350000000000001 0.6034999999999999 0.8303333333333334 0.60575 0.8143333333333332 0.606 0.7993333333333333 0.6024999999999999 0.7829999999999999 0.599 0.7733333333333333 0.59225 0.7586666666666667 0.59025 0.7589999999999999 0.59 0.7623333333333333 0.59725 0.7773333333333333 0.6012500000000001 0.7933333333333334 0.60175 0.8126666666666666
0 0.6447499999999999 0.8203333333333334 0.6455 0.8343333333333334 0.65025 0.8456666666666666 0.6607500000000001 0.856 0.6689999999999999 0.8616666666666667 0.678 0.871 0.68225 0.8730000000000001 0.68225 0.8693333333333334 0.6787500000000001 0.8653333333333334 0.6647500000000001 0.8526666666666666 0.65625 0.8466666666666667 0.65 0.8366666666666667 0.6487499999999999 0.8306666666666667 0.6485 0.8130000000000001 0.6477499999999999 0.8106666666666668 0.63025 0.7946666666666666 0.6277499999999999 0.7956666666666666 0.6269999999999999 0.7966666666666667 0.6335000000000001 0.8036666666666668 0.64275 0.8113333333333332 0.6447499999999999 0.8203333333333334
0 0.2335 0.5426666666666666 0.23625000000000002 0.536 0.2395 0.531 0.24600000000000002 0.525 0.2515 0.522 0.25525 0.517 0.25575 0.5116666666666666 0.253 0.505 0.2515 0.494 0.248 0.494 0.248 0.4986666666666667 0.25075 0.5133333333333333 0.24875 0.518 0.2375 0.5253333333333333 0.23399999999999999 0.5296666666666666 0.23074999999999998 0.5366666666666666 0.22724999999999998 0.5486666666666666 0.2255 0.5593333333333333 0.22375 0.5773333333333333 0.22724999999999998 0.578 0.23 0.5573333333333333 0.2335 0.5426666666666666
0 0.22899999999999998 0.606 0.22624999999999998 0.6093333333333334 0.22225 0.6193333333333334 0.21975 0.6339999999999999 0.22025 0.647 0.2255 0.6683333333333334 0.22699999999999998 0.6716666666666667 0.22799999999999998 0.6716666666666667 0.2295 0.6676666666666667 0.2255 0.65 0.22525 0.6313333333333333 0.22775 0.618 0.23450000000000001 0.6020000000000001 0.23475000000000001 0.5976666666666667 0.23399999999999999 0.5953333333333334 0.22825 0.5906666666666667 0.223 0.5836666666666667 0.2205 0.5823333333333334 0.218 0.583 0.217 0.585 0.22475 0.5906666666666667 0.23 0.5983333333333334 0.22899999999999998 0.606
0 0.657 0.7846666666666666 0.6594 0.7816666666666667 0.67575 0.7823333333333333 0.68225 0.7813333333333333 0.6855000000000001 0.7793333333333334 0.6892499999999999 0.776 0.69675 0.7656666666666666 0.7034999999999999 0.7526666666666666 0.70475 0.7446666666666667 0.7030000000000001 0.7436666666666667 0.6905 0.765 0.6825 0.7736666666666666 0.6719999999999999 0.777 0.66 0.776 0.6545000000000001 0.7776666666666666 0.65225 0.7826666666666667 0.65125 0.792 0.65125 0.8036666666666668 0.65225 0.8063333333333333 0.6545000000000001 0.8073333333333332 0.657 0.7846666666666666
0 0.6887500000000001 0.5886666666666667 0.6955 0.5913333333333333 0.71225 0.59 0.71575 0.592 0.7182499999999999 0.597 0.7202500000000001 0.61 0.724 0.6143333333333333 0.72425 0.6093333333333334 0.7207499999999999 0.5916666666666667 0.7185 0.5873333333333334 0.7142499999999999 0.5853333333333334 0.701 0.587 0.6932499999999999 0.5863333333333333 0.6815 0.5770000000000001 0.6677500000000001 0.5563333333333333 0.66575 0.5573333333333333 0.67125 0.5676666666666667 0.6789999999999999 0.5793333333333334 0.6887500000000001 0.5886666666666667
0 0.73375 0.5443333333333333 0.7445 0.5569999999999999 0.75375 0.5623333333333334 0.7597499999999999 0.5700000000000001 0.76075 0.5753333333333334 0.76125 0.5916666666666667 0.762 0.5943333333333334 0.763 0.594 0.76425 0.5916666666666667 0.763 0.5703333333333332 0.762 0.5663333333333334 0.76075 0.564 0.74625 0.5523333333333333 0.7365 0.5409999999999999 0.73225 0.5303333333333333 0.7272500000000001 0.5086666666666667 0.72375 0.507 0.72375 0.5123333333333333 0.726 0.5176666666666667 0.7272500000000001 0.526 0.73375 0.5443333333333333
0 0.3975 0.8730000000000001 0.40075 0.8776666666666666 0.40425 0.8776666666666666 0.41275 0.872 0.42124999999999996 0.8683333333333333 0.43524999999999997 0.8686666666666667 0.45625 0.8756666666666667 0.45925 0.874 0.45925 0.8730000000000001 0.45225000000000004 0.8696666666666667 0.42875 0.8633333333333333 0.41675 0.865 0.40700000000000003 0.8713333333333333 0.40325 0.8723333333333334 0.39925 0.8696666666666667 0.39425 0.8556666666666667 0.3905 0.8526666666666666 0.39025 0.854 0.39025 0.8566666666666666 0.394 0.8653333333333334 0.39625 0.8676666666666667 0.3975 0.8730000000000001