0 0.38 0.363 0.38325 0.37 0.391 0.377 0.408 0.37933333333333336 0.4125 0.382 0.41375 0.3853333333333333 0.41475 0.39633333333333337 0.41875 0.4043333333333333 0.4185 0.3933333333333333 0.415 0.378 0.41175 0.37599999999999995 0.39725 0.3743333333333333 0.3885 0.371 0.38525 0.36766666666666664 0.38375 0.361 0.38175 0.35733333333333334 0.38025 0.3476666666666667 0.3765 0.33999999999999997 0.3755 0.3413333333333333 0.3765 0.3476666666666667 0.3785 0.352 0.38 0.363
0 0.4735 0.3416666666666667 0.472 0.35 0.46625 0.35866666666666663 0.464 0.366 0.47025 0.37666666666666665 0.4775 0.38366666666666666 0.4775 0.37933333333333336 0.46849999999999997 0.368 0.46900000000000003 0.362 0.47450000000000003 0.35233333333333333 0.47674999999999995 0.3453333333333333 0.47475 0.328 0.47075 0.318 0.4635 0.30533333333333335 0.46 0.303 0.46 0.307 0.46475 0.31366666666666665 0.472 0.32866666666666666 0.4735 0.3416666666666667
0 0.60075 0.31 0.60175 0.32866666666666666 0.6055 0.342 0.60725 0.34400000000000003 0.60875 0.3486666666666667 0.612 0.3526666666666667 0.6230000000000001 0.365 0.6267499999999999 0.3666666666666667 0.6267499999999999 0.36266666666666664 0.6155 0.3506666666666667 0.6085 0.3383333333333333 0.60675 0.33099999999999996 0.6055 0.31366666666666665 0.603 0.30433333333333334 0.5994999999999999 0.3026666666666667 0.5840000000000001 0.303 0.583 0.30366666666666664 0.58525 0.30633333333333335 0.599 0.3076666666666667 0.60075 0.31
0 0.54325 0.43833333333333335 0.543 0.4493333333333333 0.5465 0.4493333333333333 0.54925 0.42733333333333334 0.54875 0.42466666666666664 0.5405 0.4116666666666667 0.53975 0.4073333333333333 0.54025 0.3993333333333333 0.5415 0.38933333333333336 0.5535 0.36266666666666664 0.5525 0.36066666666666664 0.55025 0.36000000000000004 0.53975 0.3826666666666667 0.53625 0.39899999999999997 0.53625 0.413 0.54175 0.4206666666666667 0.54475 0.429 0.54325 0.43833333333333335
0 0.58575 0.788 0.58 0.8210000000000001 0.581 0.8243333333333334 0.585 0.8280000000000001 0.5957499999999999 0.8346666666666667 0.599 0.8350000000000001 0.59775 0.8313333333333334 0.58675 0.8240000000000001 0.5842499999999999 0.8183333333333332 0.589 0.7956666666666666 0.58875 0.779 0.58525 0.762 0.5835 0.7593333333333333 0.58175 0.7516666666666667 0.5785 0.7446666666666667 0.5770000000000001 0.746 0.5770000000000001 0.7493333333333333 0.58025 0.7566666666666667 0.58375 0.7706666666666666 0.58575 0.788
0 0.66125 0.582 0.668 0.5896666666666667 0.67825 0.596 0.69 0.5963333333333333 0.6962499999999999 0.598 0.698 0.6020000000000001 0.6995 0.6183333333333333 0.7030000000000001 0.621 0.7030000000000001 0.613 0.70075 0.5966666666666667 0.69925 0.5926666666666667 0.6950000000000001 0.5906666666666667 0.678 0.5903333333333334 0.67425 0.589 0.663 0.5766666666666667 0.66125 0.5720000000000001 0.6565 0.5650000000000001 0.6547499999999999 0.5596666666666666 0.6517499999999999 0.5569999999999999 0.6505000000000001 0.5573333333333333 0.6505000000000001 0.5616666666666666 0.653 0.5650000000000001 0.6575000000000001 0.5753333333333334 0.66125 0.582
0 0.739 0.5683333333333334 0.7347499999999999 0.5883333333333334 0.73525 0.5913333333333333 0.73775 0.5936666666666667 0.739 0.5910000000000001 0.74225 0.5673333333333334 0.7414999999999999 0.564 0.7295 0.5456666666666666 0.72575 0.5366666666666666 0.725 0.5013333333333333 0.72375 0.49766666666666665 0.721 0.501 0.7207499999999999 0.5116666666666666 0.721 0.533 0.7232500000000001 0.5409999999999999 0.7302500000000001 0.5556666666666666 0.739 0.5683333333333334
0 0.30824999999999997 0.5813333333333334 0.30975 0.5776666666666667 0.314 0.576 0.3245 0.5750000000000001 0.33275 0.5716666666666667 0.3385 0.5676666666666667 0.3425 0.5636666666666666 0.349 0.5523333333333333 0.35325 0.5433333333333333 0.35300000000000004 0.5403333333333333 0.35225 0.5396666666666666 0.34875 0.5433333333333333 0.3405 0.559 0.32875000000000004 0.5686666666666667 0.32075 0.5720000000000001 0.30725 0.5736666666666667 0.30575 0.5746666666666667 0.305 0.5776666666666667 0.30425 0.5953333333333334 0.30524999999999997 0.5986666666666667 0.307 0.5996666666666667 0.30824999999999997 0.5813333333333334
0 0.27025 0.45399999999999996 0.26975 0.45666666666666667 0.2655 0.462 0.262 0.4696666666666666 0.2625 0.47100000000000003 0.266 0.4713333333333334 0.2685 0.4666666666666667 0.27575 0.46099999999999997 0.27649999999999997 0.45266666666666666 0.26699999999999996 0.4396666666666667 0.264 0.43233333333333335 0.26375 0.425 0.265 0.42166666666666663 0.26725 0.3983333333333334 0.2665 0.3933333333333333 0.26225 0.389 0.25525 0.411 0.25575 0.42733333333333334 0.25775 0.43566666666666665 0.268 0.4486666666666667 0.27025 0.45399999999999996
0 0.42925 0.8056666666666666 0.43125 0.8096666666666666 0.43524999999999997 0.8280000000000001 0.44275 0.8433333333333333 0.44899999999999995 0.8493333333333333 0.46675 0.8616666666666667 0.46950000000000003 0.861 0.46925 0.8586666666666667 0.4485 0.8433333333333333 0.4445 0.8386666666666666 0.44125000000000003 0.8326666666666667 0.43674999999999997 0.8126666666666666 0.4325 0.8026666666666666 0.41825 0.793 0.41475 0.7926666666666667 0.41625 0.7966666666666667 0.42025 0.7983333333333333 0.4215 0.8003333333333335 0.42925 0.8056666666666666
0 0.6269999999999999 0.7763333333333333 0.626 0.7803333333333333 0.62575 0.7863333333333334 0.6267499999999999 0.788 0.62875 0.7796666666666666 0.6269999999999999 0.7763333333333333
0 0.6695 0.761 0.68275 0.745 0.68375 0.7413333333333333 0.682 0.74 0.6656875 0.7584166666666667 0.657 0.7646666666666667 0.64975 0.767 0.6472500000000001 0.767 0.6465000000000001 0.7653333333333334 0.6407499999999999 0.7636666666666666 0.639 0.7646666666666667 0.6465000000000001 0.769 0.6547499999999999 0.769 0.66125 0.7666666666666666 0.6695 0.761
0 0.637 0.762 0.63275 0.7613333333333334 0.63 0.763 0.62825 0.7723333333333334 0.63 0.774 0.631 0.7643333333333333 0.637 0.762
0 0.626 0.8346666666666667 0.6332500000000001 0.8436666666666667 0.6417499999999999 0.8503333333333333 0.654 0.8626666666666667 0.6579999999999999 0.8646666666666667 0.6585 0.8626666666666667 0.6555 0.8586666666666667 0.6355 0.84 0.6285 0.8316666666666666 0.6269999999999999 0.822 0.6265000000000001 0.8043333333333332 0.62475 0.8003333333333335 0.6092500000000001 0.7866666666666666 0.60775 0.7886666666666667 0.6092500000000001 0.7923333333333333 0.62175 0.8033333333333333 0.6232500000000001 0.8263333333333334 0.626 0.8346666666666667