0 0.5373333333333333 0.505 0.5426666666666666 0.505 0.5446666666666666 0.5015 0.5416666666666666 0.49825 0.5156666666666667 0.47650000000000003 0.49 0.46125 0.48133333333333334 0.44825000000000004 0.48066666666666663 0.44775 0.479 0.44899999999999995 0.47866666666666663 0.453 0.488 0.46675 0.5003333333333333 0.47425 0.5373333333333333 0.505
0 0.332 0.52475 0.3353333333333333 0.524 0.3443333333333334 0.5175 0.35133333333333333 0.5145000000000001 0.366 0.5105 0.37933333333333336 0.5097499999999999 0.398 0.5105 0.4046666666666667 0.51 0.408 0.5085 0.4043333333333333 0.50675 0.39133333333333337 0.5065 0.375 0.5065 0.36000000000000004 0.508 0.349 0.51125 0.3396666666666666 0.51725 0.33166666666666667 0.52075 0.30733333333333335 0.51475 0.30633333333333335 0.519 0.31633333333333336 0.5205 0.321 0.5225 0.332 0.52475
0 0.42466666666666664 0.5785 0.4306666666666667 0.576 0.44266666666666665 0.57775 0.4603333333333333 0.57725 0.4663333333333333 0.576 0.49833333333333335 0.56425 0.5016666666666667 0.5605 0.498 0.5595 0.48033333333333333 0.566 0.47433333333333333 0.56675 0.4613333333333333 0.5705 0.446 0.57075 0.431 0.56825 0.4256666666666667 0.56875 0.42166666666666663 0.571 0.41833333333333333 0.578 0.41400000000000003 0.5885 0.4146666666666667 0.59225 0.41833333333333333 0.5912499999999999 0.42466666666666664 0.5785
0 0.3436666666666667 0.5915 0.349 0.596 0.35100000000000003 0.6005 0.36333333333333334 0.614 0.37166666666666665 0.61975 0.3863333333333333 0.6225 0.40066666666666667 0.6265000000000001 0.4036666666666666 0.62425 0.4043333333333333 0.6232500000000001 0.4013333333333333 0.62175 0.3903333333333333 0.61725 0.37866666666666665 0.614 0.37266666666666665 0.61075 0.36433333333333334 0.60375 0.357 0.5942500000000001 0.347 0.5840000000000001 0.3443333333333334 0.5835 0.3313333333333333 0.585 0.3263333333333333 0.587 0.32 0.58775 0.31766666666666665 0.59 0.3173333333333333 0.592 0.321 0.59225 0.3393333333333334 0.59025 0.3436666666666667 0.5915
0 0.35800000000000004 0.35225 0.3596666666666667 0.35275 0.361 0.35225 0.36066666666666664 0.3485 0.35633333333333334 0.3385 0.35800000000000004 0.3335 0.37466666666666665 0.32525000000000004 0.38366666666666666 0.31675000000000003 0.387 0.31075 0.39133333333333337 0.29625 0.39199999999999996 0.28975 0.39066666666666666 0.28875 0.387 0.2935 0.3806666666666667 0.31224999999999997 0.3756666666666667 0.31825000000000003 0.36966666666666664 0.32275 0.35800000000000004 0.328 0.35133333333333333 0.33249999999999996 0.35033333333333333 0.335 0.35433333333333333 0.34299999999999997 0.35566666666666663 0.349 0.35800000000000004 0.35225
0 0.17566666666666667 0.32049999999999995 0.17433333333333334 0.3375 0.17566666666666667 0.33999999999999997 0.17866666666666667 0.339 0.18033333333333332 0.3285 0.18066666666666667 0.32075 0.17866666666666667 0.31125 0.17533333333333334 0.304 0.17200000000000001 0.3 0.15733333333333335 0.29 0.15566666666666668 0.28725 0.15633333333333332 0.283 0.163 0.27275 0.16166666666666668 0.27075 0.15766666666666665 0.27399999999999997 0.14933333333333335 0.2865 0.149 0.28975 0.16766666666666666 0.3025 0.17366666666666666 0.31125 0.17566666666666667 0.32049999999999995
0 0.6486666666666666 0.3925 0.6496666666666667 0.40850000000000003 0.6543333333333334 0.418 0.664 0.42575 0.6759999999999999 0.43225 0.6856666666666668 0.43475 0.6869999999999999 0.43225 0.6859999999999999 0.4315 0.674 0.4265 0.6576666666666667 0.415 0.6553333333333333 0.40875 0.6543333333333334 0.3905 0.6523333333333333 0.387 0.6336666666666667 0.38175 0.6296666666666667 0.3815 0.6266666666666667 0.38275000000000003 0.6263333333333334 0.38375 0.629 0.385 0.6463333333333333 0.38975000000000004 0.6486666666666666 0.3925
0 0.675 0.3775 0.6996666666666665 0.37725000000000003 0.7033333333333333 0.37925000000000003 0.7093333333333334 0.39125000000000004 0.7133333333333334 0.391 0.7100000000000001 0.37975 0.705 0.3725 0.7033333333333333 0.37175 0.6783333333333333 0.373 0.6713333333333333 0.37225 0.6606666666666667 0.36724999999999997 0.6443333333333333 0.354 0.6403333333333334 0.35375 0.6386666666666666 0.35575 0.64 0.35800000000000004 0.6613333333333334 0.37325 0.675 0.3775
0 0.7340000000000001 0.307 0.7376666666666667 0.30075 0.7386666666666666 0.29 0.7406666666666667 0.28375 0.75 0.27425 0.7613333333333334 0.26725 0.7659999999999999 0.2655 0.7659999999999999 0.262 0.762 0.26275 0.7503333333333333 0.26875 0.7403333333333334 0.276 0.7356666666666667 0.283 0.7333333333333334 0.2895 0.7326666666666667 0.29725 0.7303333333333334 0.302 0.7216666666666667 0.303 0.7133333333333334 0.3025 0.7093333333333334 0.30375 0.7090000000000001 0.307 0.7100000000000001 0.3075 0.7283333333333333 0.30775 0.7340000000000001 0.307
0 0.7786666666666667 0.45925 0.7846666666666666 0.4735 0.7903333333333333 0.481 0.8016666666666666 0.48975 0.8133333333333334 0.496 0.8210000000000001 0.498 0.8206666666666668 0.4945 0.8113333333333332 0.48975 0.7946666666666666 0.4785 0.7876666666666666 0.46799999999999997 0.7836666666666666 0.4565 0.7816666666666667 0.45425 0.777 0.45275 0.768 0.453 0.764 0.45425 0.758 0.45399999999999996 0.755 0.45575 0.755 0.45675 0.7583333333333334 0.45775 0.7729999999999999 0.457 0.7786666666666667 0.45925
0 0.7083333333333334 0.4895 0.725 0.47275 0.7270000000000001 0.46 0.7226666666666667 0.45249999999999996 0.722 0.447 0.7263333333333334 0.43975000000000003 0.7306666666666667 0.43524999999999997 0.731 0.4315 0.7270000000000001 0.43324999999999997 0.7176666666666667 0.4425 0.7153333333333334 0.4465 0.7156666666666667 0.451 0.7216666666666667 0.46099999999999997 0.722 0.46525 0.7206666666666666 0.46900000000000003 0.6990000000000001 0.4945 0.6986666666666667 0.498 0.7 0.49825 0.7033333333333333 0.49624999999999997 0.7083333333333334 0.4895