0 0.42274999999999996 0.385 0.4215 0.4063333333333333 0.4245 0.418 0.43174999999999997 0.42533333333333334 0.44625 0.4346666666666667 0.44725 0.432 0.446 0.4306666666666667 0.43024999999999997 0.42 0.4265 0.4136666666666667 0.4255 0.40066666666666667 0.42674999999999996 0.38299999999999995 0.42525 0.37666666666666665 0.42175 0.373 0.4075 0.36700000000000005 0.40724999999999995 0.36966666666666664 0.41125 0.373 0.41875 0.37533333333333335 0.42274999999999996 0.385
0 0.6 0.27566666666666667 0.6090000000000001 0.29666666666666663 0.619 0.30733333333333335 0.6402500000000001 0.31699999999999995 0.642 0.3146666666666667 0.6405000000000001 0.31233333333333335 0.6244999999999999 0.3046666666666667 0.6160000000000001 0.298 0.6075 0.28400000000000003 0.60575 0.2776666666666667 0.6024999999999999 0.2713333333333333 0.6 0.269 0.5975 0.269 0.585 0.27499999999999997 0.5815 0.2783333333333333 0.5815 0.27999999999999997 0.5855 0.27999999999999997 0.5950000000000001 0.27499999999999997 0.6 0.27566666666666667
0 0.491 0.32766666666666666 0.48924999999999996 0.3363333333333333 0.48500000000000004 0.349 0.48775 0.35433333333333333 0.49325 0.35933333333333334 0.50175 0.364 0.50175 0.36133333333333334 0.498 0.357 0.49375 0.35433333333333333 0.4905 0.3471666666666667 0.49525 0.3306666666666667 0.49475 0.3173333333333333 0.488 0.303 0.48024999999999995 0.29333333333333333 0.4735 0.288 0.4735 0.291 0.48625 0.30633333333333335 0.48975 0.314 0.491 0.32766666666666666
0 0.5305 0.39433333333333337 0.54525 0.39199999999999996 0.55225 0.38 0.5545 0.378 0.5675 0.37766666666666665 0.57075 0.37666666666666665 0.57075 0.37533333333333335 0.5685 0.37333333333333335 0.55175 0.37333333333333335 0.5499999999999999 0.3743333333333333 0.54425 0.3853333333333333 0.54 0.38766666666666666 0.5315 0.389 0.52475 0.38866666666666666 0.518 0.38566666666666666 0.50525 0.37599999999999995 0.50325 0.3763333333333333 0.5025000000000001 0.37666666666666665 0.50325 0.38 0.519 0.39133333333333337 0.5305 0.39433333333333337
0 0.23324999999999999 0.5409999999999999 0.23725000000000002 0.5529999999999999 0.236 0.5726666666666667 0.2295 0.5953333333333334 0.22925 0.5986666666666667 0.231 0.6 0.23424999999999999 0.5943333333333334 0.23625000000000002 0.5843333333333333 0.23775 0.5813333333333334 0.241 0.5573333333333333 0.23925 0.554 0.23775 0.545 0.23424999999999999 0.5393333333333333 0.233 0.539 0.231 0.529 0.23249999999999998 0.5246666666666667 0.24025 0.5123333333333333 0.24125 0.5083333333333333 0.24000000000000002 0.51 0.23775 0.51 0.22724999999999998 0.5263333333333333 0.22724999999999998 0.532 0.23 0.535 0.23074999999999998 0.5393333333333333 0.23324999999999999 0.5409999999999999
0 0.26225 0.4283333333333333 0.2655 0.42533333333333334 0.26699999999999996 0.4166666666666667 0.271 0.40700000000000003 0.27399999999999997 0.4026666666666667 0.283 0.39633333333333337 0.29925 0.39366666666666666 0.304 0.3923333333333333 0.306 0.3903333333333333 0.30425 0.38866666666666666 0.28175 0.3903333333333333 0.27649999999999997 0.3933333333333333 0.2685 0.4013333333333333 0.261 0.42166666666666663 0.25775 0.4226666666666667 0.2445 0.41900000000000004 0.244 0.422 0.245 0.423 0.25225 0.4263333333333333 0.26225 0.4283333333333333
0 0.31375 0.642 0.32899999999999996 0.6383333333333333 0.33375 0.6423333333333333 0.33775 0.657 0.33875 0.6579999999999999 0.34075 0.6563333333333333 0.33825 0.6406666666666666 0.33525 0.6333333333333334 0.33175 0.6303333333333333 0.31825000000000003 0.6346666666666666 0.307 0.636 0.30025 0.6343333333333333 0.288 0.6266666666666667 0.27925 0.6243333333333333 0.27849999999999997 0.6266666666666667 0.28250000000000003 0.6306666666666666 0.3035 0.642 0.31375 0.642
0 0.23224999999999998 0.6823333333333332 0.23175 0.6783333333333333 0.23525 0.6573333333333333 0.23800000000000002 0.6549999999999999 0.24125 0.6479999999999999 0.2445 0.644 0.24475 0.6403333333333334 0.2465 0.6366666666666667 0.25225 0.6313333333333333 0.25575 0.6266666666666667 0.25675 0.6230000000000001 0.25175 0.6083333333333334 0.25 0.6063333333333333 0.248 0.6006666666666667 0.2455 0.6023333333333334 0.24775000000000003 0.6090000000000001 0.2505 0.6116666666666667 0.2525 0.621 0.23775 0.637 0.23399999999999999 0.644 0.23 0.6576666666666667 0.22925 0.6826666666666666 0.22974999999999998 0.6856666666666668 0.231 0.6863333333333332 0.23224999999999998 0.6823333333333332
0 0.4325 0.8676666666666667 0.44425 0.8536666666666667 0.44875000000000004 0.85 0.457 0.8466666666666667 0.48125 0.8443333333333334 0.48425 0.8420000000000001 0.47925 0.84 0.45825 0.8416666666666667 0.44875000000000004 0.8443333333333334 0.44275 0.8483333333333334 0.43275 0.8613333333333334 0.42725 0.863 0.42274999999999996 0.8576666666666667 0.422 0.8553333333333334 0.4195 0.8536666666666667 0.41825 0.8503333333333333 0.4145 0.848 0.4145 0.8523333333333334 0.4255 0.8666666666666666 0.42875 0.8693333333333334 0.4325 0.8676666666666667
0 0.6787500000000001 0.5339999999999999 0.69225 0.5433333333333333 0.7042499999999999 0.5433333333333333 0.7172499999999999 0.5386666666666667 0.722 0.5443333333333333 0.7272500000000001 0.5596666666666666 0.72875 0.558 0.7272500000000001 0.5496666666666666 0.72575 0.5483333333333333 0.724 0.54 0.7202500000000001 0.5336666666666667 0.7165 0.533 0.7030000000000001 0.5386666666666667 0.69175 0.5386666666666667 0.6805 0.5313333333333333 0.6685 0.5176666666666667 0.66625 0.518 0.6652499999999999 0.519 0.668 0.5226666666666667 0.67025 0.5236666666666666 0.6787500000000001 0.5339999999999999
0 0.7340000000000001 0.5013333333333333 0.745 0.5156666666666667 0.7527499999999999 0.5223333333333333 0.75425 0.5253333333333333 0.75425 0.5479999999999999 0.75475 0.5503333333333333 0.7557499999999999 0.5506666666666666 0.757 0.5476666666666667 0.7585000000000001 0.5256666666666666 0.7545000000000001 0.519 0.74325 0.5076666666666667 0.7354999999999999 0.49666666666666665 0.73225 0.48500000000000004 0.73075 0.466 0.729 0.4603333333333333 0.7274999999999999 0.459 0.72675 0.46 0.7272500000000001 0.4723333333333333 0.729 0.4783333333333333 0.7305 0.49200000000000005 0.7340000000000001 0.5013333333333333
0 0.61275 0.745 0.61425 0.7463333333333333 0.61825 0.761 0.6192500000000001 0.7796666666666666 0.61725 0.7956666666666666 0.61725 0.8036666666666668 0.62 0.8073333333333332 0.63725 0.8146666666666667 0.638 0.8140000000000001 0.637 0.81 0.625 0.8049999999999999 0.62175 0.802 0.62075 0.7963333333333333 0.6234999999999999 0.7766666666666666 0.6222500000000001 0.762 0.62 0.753 0.6125 0.7343333333333334 0.6104999999999999 0.7323333333333333 0.6092500000000001 0.7276666666666666 0.60575 0.726 0.60575 0.7283333333333333 0.6092500000000001 0.737 0.611 0.7386666666666666 0.61275 0.745
0 0.6605 0.772 0.66225 0.7773333333333333 0.6647500000000001 0.7963333333333333 0.66825 0.8016666666666666 0.6747500000000001 0.8086666666666666 0.68775 0.8163333333333334 0.69225 0.8210000000000001 0.6972499999999999 0.823 0.6995 0.8256666666666667 0.7030000000000001 0.8256666666666667 0.7032499999999999 0.8243333333333334 0.7005 0.8210000000000001 0.67725 0.8046666666666666 0.67 0.7979999999999999 0.66675 0.789 0.6659999999999999 0.7723333333333334 0.664 0.7683333333333334 0.6475000000000001 0.7563333333333333 0.644 0.7573333333333333 0.64375 0.7583333333333334 0.647 0.762 0.6567500000000001 0.7676666666666667 0.6605 0.772