0 0.14333333333333334 0.415 0.13933333333333334 0.41375 0.13699999999999998 0.41000000000000003 0.13333333333333333 0.408 0.133 0.4115 0.144 0.41875 0.14600000000000002 0.4185 0.14333333333333334 0.415
0 0.23433333333333334 0.46775000000000005 0.23633333333333334 0.46649999999999997 0.23666666666666666 0.46325 0.232 0.45475 0.23066666666666666 0.44899999999999995 0.22733333333333333 0.44725 0.22666666666666668 0.4485 0.22666666666666668 0.4535 0.23066666666666666 0.46225 0.231 0.46675 0.23433333333333334 0.46775000000000005
0 0.13166666666666668 0.452 0.13466666666666668 0.4415 0.13699999999999998 0.44025 0.14233333333333334 0.43324999999999997 0.151 0.42775 0.15266666666666667 0.42474999999999996 0.15066666666666664 0.422 0.136 0.43575 0.13 0.44549999999999995 0.12866666666666668 0.45249999999999996 0.129 0.45949999999999996 0.13 0.46125 0.13133333333333333 0.46125 0.13166666666666668 0.452
0 0.20666666666666667 0.5155 0.20366666666666666 0.496 0.20433333333333334 0.48850000000000005 0.20766666666666667 0.48175 0.212 0.47674999999999995 0.22833333333333333 0.4705 0.22833333333333333 0.46775000000000005 0.22733333333333333 0.46725 0.21333333333333332 0.47175 0.20433333333333334 0.48024999999999995 0.20033333333333334 0.48775 0.19933333333333333 0.49475 0.20199999999999999 0.5125000000000001 0.20299999999999999 0.51475 0.20666666666666667 0.5155
0 0.4166666666666667 0.393 0.42 0.39775 0.418 0.40125 0.41000000000000003 0.40625 0.4056666666666666 0.40775 0.4013333333333333 0.41125 0.403 0.41225 0.4073333333333333 0.41125 0.42133333333333334 0.40425 0.425 0.401 0.42433333333333334 0.3975 0.4156666666666667 0.38649999999999995 0.41333333333333333 0.38 0.41333333333333333 0.374875 0.41733333333333333 0.36424999999999996 0.42600000000000005 0.35225 0.42666666666666664 0.34950000000000003 0.4283333333333333 0.34875 0.425 0.34824999999999995 0.42133333333333334 0.35174999999999995 0.41433333333333333 0.3615 0.4096666666666667 0.3725 0.4093333333333333 0.3765 0.41133333333333333 0.3855 0.4146666666666667 0.39199999999999996 0.4166666666666667 0.393
0 0.6876666666666666 0.30174999999999996 0.6946666666666667 0.31325000000000003 0.6943333333333334 0.33475 0.6963333333333332 0.3355 0.6996666666666665 0.3315 0.6993333333333334 0.318 0.6963333333333332 0.3035 0.6903333333333334 0.29675 0.6853333333333333 0.29275 0.678 0.29025 0.6753333333333335 0.28625 0.6773333333333333 0.28150000000000003 0.684 0.27675 0.6856666666666668 0.27225 0.682 0.27225 0.6703333333333333 0.28600000000000003 0.67 0.29 0.6716666666666667 0.2925 0.678 0.295 0.6876666666666666 0.30174999999999996
0 0.531 0.322 0.5343333333333333 0.3245 0.5383333333333333 0.33125 0.5423333333333333 0.335 0.5566666666666666 0.3455 0.567 0.349 0.5766666666666667 0.35075 0.5793333333333334 0.35225 0.5840000000000001 0.35300000000000004 0.5866666666666667 0.35225 0.5840000000000001 0.34875 0.5633333333333334 0.34299999999999997 0.5533333333333333 0.3375 0.5443333333333333 0.33 0.5363333333333333 0.3185 0.533 0.3165 0.5223333333333333 0.3175 0.5123333333333333 0.32025000000000003 0.5083333333333333 0.32399999999999995 0.5083333333333333 0.32475 0.5123333333333333 0.32475 0.5266666666666667 0.32125 0.531 0.322
0 0.5599999999999999 0.6445 0.5566666666666666 0.6487499999999999 0.5536666666666666 0.65025 0.5516666666666666 0.6542500000000001 0.5479999999999999 0.6577500000000001 0.549 0.6585 0.5506666666666666 0.6582499999999999 0.552 0.65525 0.5536666666666666 0.65525 0.5546666666666668 0.65275 0.5583333333333333 0.65075 0.5643333333333334 0.644 0.5606666666666666 0.6335000000000001 0.5583333333333333 0.6307499999999999 0.5566666666666666 0.6237499999999999 0.5576666666666666 0.6097499999999999 0.5593333333333333 0.60325 0.5643333333333334 0.5932499999999999 0.5643333333333334 0.5875 0.5606666666666666 0.5915 0.5593333333333333 0.59625 0.5569999999999999 0.59925 0.5526666666666666 0.614 0.5533333333333333 0.628 0.5569999999999999 0.636 0.5596666666666666 0.63875 0.5599999999999999 0.6445
0 0.582 0.678 0.5876666666666667 0.6855000000000001 0.5873333333333334 0.6890000000000001 0.589 0.69275 0.588 0.69875 0.5843333333333333 0.70925 0.5813333333333334 0.7115 0.582 0.7167500000000001 0.5916666666666667 0.721 0.5996666666666667 0.72275 0.601 0.724 0.606 0.72425 0.6066666666666666 0.72375 0.6043333333333334 0.7204999999999999 0.5966666666666667 0.7195 0.5950000000000001 0.71775 0.5866666666666667 0.71375 0.5863333333333333 0.7100000000000001 0.5883333333333334 0.7095 0.5923333333333334 0.69975 0.593 0.69125 0.592 0.685 0.5883333333333334 0.67975 0.5720000000000001 0.6645000000000001 0.5676666666666667 0.66325 0.5676666666666667 0.6652499999999999 0.576 0.6722499999999999 0.5786666666666667 0.677 0.582 0.678
0 0.6473333333333334 0.59725 0.6523333333333333 0.5875 0.6549999999999999 0.58525 0.6613333333333334 0.58375 0.6746666666666667 0.586 0.6923333333333334 0.5862499999999999 0.7193333333333334 0.57475 0.7236666666666667 0.57075 0.7200000000000001 0.5700000000000001 0.7090000000000001 0.574 0.7 0.579 0.6936666666666667 0.58075 0.6766666666666666 0.5805 0.6579999999999999 0.5785 0.6533333333333333 0.5795 0.6503333333333333 0.582 0.646 0.5915 0.643 0.5952500000000001 0.6436666666666667 0.599 0.6473333333333334 0.59725
0 0.32866666666666666 0.6717500000000001 0.327 0.6747500000000001 0.328 0.67625 0.33166666666666667 0.6747500000000001 0.3453333333333333 0.6615 0.3486666666666667 0.6579999999999999 0.35300000000000004 0.65025 0.354 0.64 0.35233333333333333 0.63525 0.3436666666666667 0.629 0.3406666666666667 0.6244999999999999 0.34299999999999997 0.61875 0.34933333333333333 0.61 0.3488801736111111 0.6077908495370371 0.3453333333333333 0.6090000000000001 0.334 0.6265000000000001 0.33466666666666667 0.6307499999999999 0.3383333333333333 0.63175 0.34800000000000003 0.6395000000000001 0.349 0.64675 0.3466666666666666 0.65225 0.32866666666666666 0.6717500000000001
0 0.2723333333333333 0.63425 0.27566666666666667 0.64625 0.276 0.6615 0.2796666666666667 0.66425 0.30366666666666664 0.668 0.30533333333333335 0.6655 0.30366666666666664 0.6637500000000001 0.28400000000000003 0.6585 0.2806666666666667 0.6515 0.2796666666666667 0.63575 0.27566666666666667 0.628 0.26 0.6152500000000001 0.248 0.6085 0.247 0.6097499999999999 0.24833333333333332 0.61275 0.264 0.625 0.2723333333333333 0.63425
0 0.37866666666666665 0.7445 0.382 0.7354999999999999 0.38999999999999996 0.724 0.39633333333333337 0.71875 0.4103333333333334 0.7135 0.41533333333333333 0.7104999999999999 0.41633333333333333 0.7060000000000001 0.413 0.69175 0.41133333333333333 0.6892499999999999 0.408 0.69225 0.41000000000000003 0.70125 0.4093333333333333 0.7072499999999999 0.4036666666666666 0.7104999999999999 0.39499999999999996 0.7135 0.38666666666666666 0.7192500000000001 0.378 0.731 0.373 0.746 0.37233333333333335 0.75525 0.373 0.757 0.3763333333333333 0.757 0.37866666666666665 0.7445
0 0.3383333333333333 0.72675 0.339 0.725 0.339 0.7135 0.3416666666666667 0.70825 0.36000000000000004 0.7045 0.37599999999999995 0.69875 0.384 0.693 0.39866666666666667 0.6789999999999999 0.40199999999999997 0.67525 0.401 0.67325 0.3973333333333333 0.6747500000000001 0.37966666666666665 0.68975 0.37166666666666665 0.6950000000000001 0.3566666666666667 0.7005 0.34299999999999997 0.7027500000000001 0.335 0.7055 0.33299999999999996 0.7095 0.33366666666666667 0.72475 0.33466666666666667 0.7274999999999999 0.33599999999999997 0.7274999999999999 0.3383333333333333 0.72675
0 0.16833333333333333 0.5750000000000001 0.171 0.57275 0.17766666666666667 0.57175 0.18266666666666667 0.5695 0.18533333333333332 0.5645 0.18366666666666664 0.556 0.18466666666666665 0.54675 0.18933333333333333 0.5387500000000001 0.194 0.53425 0.20433333333333334 0.5295 0.2063333333333333 0.5275 0.21133333333333335 0.526 0.21466666666666667 0.5237499999999999 0.22 0.523 0.22099999999999997 0.52225 0.22033333333333333 0.51925 0.19599999999999998 0.52825 0.191 0.532 0.18433333333333335 0.539 0.18166666666666667 0.5435 0.18066666666666667 0.5479999999999999 0.18166666666666667 0.56225 0.18000000000000002 0.56675 0.17466666666666666 0.56925 0.16766666666666666 0.57075 0.16566666666666666 0.5725 0.159 0.5745 0.158 0.57625 0.15733333333333335 0.578 0.15966666666666665 0.578 0.16233333333333333 0.57625 0.16833333333333333 0.5750000000000001
0 0.276 0.78525 0.277 0.78225 0.27166666666666667 0.7725000000000001 0.27166666666666667 0.769 0.27466666666666667 0.7645000000000001 0.28600000000000003 0.75525 0.294 0.7412500000000001 0.29566666666666663 0.726 0.295 0.7130000000000001 0.29333333333333333 0.711 0.29 0.7135 0.2906666666666667 0.7314999999999999 0.28733333333333333 0.74475 0.2823333333333333 0.75225 0.26366666666666666 0.7657499999999999 0.26233333333333336 0.76925 0.2653333333333333 0.7722500000000001 0.272 0.7835 0.276 0.78525
0 0.265 0.32325000000000004 0.277 0.32 0.2926666666666667 0.32 0.31333333333333335 0.32375000000000004 0.316 0.3215 0.314 0.32 0.29666666666666663 0.31675000000000003 0.27366666666666667 0.31675000000000003 0.26066666666666666 0.321 0.24733333333333332 0.33 0.24266666666666664 0.3305 0.23333333333333334 0.32575 0.22799999999999998 0.321 0.22333333333333336 0.32075 0.22466666666666665 0.3245 0.244 0.335 0.24766666666666667 0.33425 0.265 0.32325000000000004