0 0.2826666666666667 0.23675 0.29 0.235 0.314 0.225 0.321 0.226 0.334 0.233 0.33566666666666667 0.233 0.3376666666666667 0.23125 0.33266666666666667 0.22699999999999998 0.321 0.2205 0.3173333333333333 0.2195 0.31166666666666665 0.2205 0.28400000000000003 0.23224999999999998 0.272 0.232 0.25466666666666665 0.22375 0.248 0.22125 0.24466666666666667 0.2205 0.24433333333333335 0.22125 0.24466666666666667 0.22449999999999998 0.2663333333333333 0.23424999999999999 0.2753333333333333 0.23675 0.2826666666666667 0.23675
0 0.7606666666666667 0.362 0.7526666666666666 0.366 0.7543333333333334 0.368 0.7606666666666667 0.36675 0.7713333333333333 0.36275 0.7773333333333333 0.359 0.777 0.35300000000000004 0.774 0.3425 0.7746666666666667 0.33375 0.778 0.32575 0.7913333333333333 0.30725 0.7899999999999999 0.306 0.7823333333333333 0.313 0.7723333333333334 0.32875000000000004 0.769 0.3405 0.7723333333333334 0.356 0.7693333333333333 0.35925 0.7606666666666667 0.362
0 0.8246666666666665 0.40399999999999997 0.833 0.409 0.837 0.41325 0.8376666666666667 0.41875 0.8353333333333333 0.42950000000000005 0.8383333333333334 0.43075 0.8416666666666667 0.42124999999999996 0.8426666666666667 0.41125 0.8256666666666667 0.39849999999999997 0.819 0.3905 0.815 0.38025 0.8143333333333332 0.3625 0.8106666666666668 0.3625 0.8103333333333333 0.36325 0.8103333333333333 0.37599999999999995 0.8126666666666666 0.387 0.8183333333333332 0.3975 0.8246666666666665 0.40399999999999997
0 0.6333333333333334 0.28375 0.644 0.28475 0.6619999999999999 0.28375 0.6656666666666666 0.28775 0.6683333333333334 0.29925 0.6723333333333333 0.3005 0.6753333333333335 0.2985 0.6756666666666666 0.296 0.6683333333333334 0.28150000000000003 0.6656666666666666 0.279 0.6583333333333333 0.279 0.6543333333333334 0.2805 0.6473333333333334 0.28099999999999997 0.644 0.28025 0.64 0.28075 0.637 0.27925 0.633 0.27925 0.622 0.2745 0.6116666666666667 0.26675 0.6033333333333333 0.25825 0.601 0.259 0.6006666666666667 0.26225 0.6020000000000001 0.264 0.6216666666666667 0.27975 0.6333333333333334 0.28375
0 0.2833333333333333 0.40650000000000003 0.29 0.41200000000000003 0.3 0.4165 0.30733333333333335 0.41525 0.3166666666666667 0.40975 0.3243333333333333 0.40724999999999995 0.33599999999999997 0.40525000000000005 0.34833333333333333 0.40549999999999997 0.37066666666666664 0.409 0.37666666666666665 0.409 0.37833333333333335 0.408 0.37666666666666665 0.40599999999999997 0.3666666666666667 0.40399999999999997 0.3466666666666666 0.401 0.3343333333333333 0.40075 0.3243333333333333 0.403 0.309 0.40975 0.29966666666666664 0.4125 0.29333333333333333 0.4075 0.2793333333333333 0.401 0.2806666666666667 0.40199999999999997 0.279 0.4035 0.2793333333333333 0.405 0.2833333333333333 0.40650000000000003
0 0.4043333333333333 0.36825 0.4103333333333334 0.37424999999999997 0.4136666666666667 0.3825 0.4126666666666666 0.39125000000000004 0.4083333333333333 0.40724999999999995 0.41133333333333333 0.40875 0.4186666666666667 0.38675 0.41833333333333333 0.3765 0.4116666666666667 0.36625 0.39266666666666666 0.35675 0.3903333333333333 0.33949999999999997 0.38733333333333336 0.3425 0.3863333333333333 0.34824999999999995 0.386 0.36000000000000004 0.38733333333333336 0.3625 0.3953333333333333 0.3645 0.4043333333333333 0.36825
0 0.38466666666666666 0.5675 0.39433333333333337 0.56575 0.3973333333333333 0.567 0.401 0.56675 0.4043333333333333 0.56775 0.4066666666666667 0.567 0.42133333333333334 0.5695 0.42533333333333334 0.56925 0.4283333333333333 0.56825 0.44333333333333336 0.5575 0.44633333333333336 0.55375 0.44266666666666665 0.5535 0.43666666666666665 0.55825 0.4283333333333333 0.56175 0.42533333333333334 0.5655 0.41833333333333333 0.564 0.408 0.5599999999999999 0.394 0.55775 0.39066666666666666 0.5595 0.3833333333333333 0.56075 0.35566666666666663 0.56875 0.34933333333333333 0.571 0.345 0.574 0.3456666666666667 0.57525 0.349 0.5755 0.37966666666666665 0.56725 0.38466666666666666 0.5675
0 0.45399999999999996 0.47725 0.4583333333333333 0.4655 0.4613333333333333 0.46225 0.4656666666666667 0.46149999999999997 0.48133333333333334 0.46325 0.498 0.4605 0.505 0.45749999999999996 0.5193333333333333 0.447 0.5263333333333333 0.44075 0.5266666666666667 0.43775000000000003 0.526 0.437 0.5226666666666667 0.43875 0.5056666666666667 0.45175000000000004 0.49133333333333334 0.45725000000000005 0.479 0.45825 0.4593333333333333 0.457 0.45533333333333337 0.46 0.45266666666666666 0.46725 0.4493333333333333 0.477 0.451 0.4785 0.453 0.4785 0.45399999999999996 0.47725
0 0.49766666666666665 0.506 0.503 0.5055000000000001 0.5236666666666666 0.5085 0.537 0.5085 0.5503333333333333 0.505 0.552 0.5035 0.573 0.49475 0.5770000000000001 0.491 0.5746666666666667 0.49025 0.5713333333333334 0.491 0.561 0.4965 0.556 0.4975 0.5456666666666666 0.5025000000000001 0.5373333333333333 0.50425 0.521 0.504 0.5056666666666667 0.50025 0.5016666666666667 0.5005000000000001 0.48066666666666663 0.5115 0.48066666666666663 0.51275 0.48433333333333334 0.51275 0.493 0.50775 0.49766666666666665 0.506
0 0.5499999999999999 0.455 0.5619999999999999 0.46175 0.5683333333333334 0.46675 0.578 0.46974999999999995 0.601 0.4675 0.6076666666666667 0.46499999999999997 0.6173333333333333 0.4635 0.618 0.46075000000000005 0.618 0.46 0.6143333333333333 0.46 0.5886666666666667 0.46575 0.5773333333333333 0.46575 0.5663333333333334 0.46125 0.5556666666666666 0.45525 0.5546666666666668 0.453 0.5499999999999999 0.45125 0.5396666666666666 0.453 0.525 0.459 0.5236666666666666 0.46 0.526 0.46175 0.545 0.455 0.5499999999999999 0.455
0 0.691 0.52425 0.6923333333333334 0.5437500000000001 0.6950000000000001 0.55625 0.6960000000000001 0.5575 0.6973333333333334 0.55725 0.6983333333333334 0.5529999999999999 0.6963333333333332 0.54275 0.6960000000000001 0.5295 0.6926666666666668 0.5195 0.6880000000000001 0.51475 0.671 0.50725 0.6686666666666666 0.5027499999999999 0.6673333333333333 0.48825 0.6653333333333333 0.48675 0.6643333333333333 0.48724999999999996 0.6649999999999999 0.5015 0.667 0.50825 0.6843333333333333 0.517 0.691 0.52425
0 0.44366666666666665 0.63275 0.4486666666666667 0.637 0.439 0.651 0.43833333333333335 0.6545000000000001 0.4396666666666667 0.6547499999999999 0.446 0.64925 0.453 0.63675 0.45333333333333337 0.6332500000000001 0.44633333333333336 0.62925 0.4276666666666667 0.622 0.42100000000000004 0.617 0.40599999999999997 0.598 0.401 0.5895 0.39766666666666667 0.58975 0.3973333333333333 0.592 0.41433333333333333 0.6162500000000001 0.4276666666666667 0.6269999999999999 0.44366666666666665 0.63275
0 0.33166666666666667 0.6377499999999999 0.34299999999999997 0.6375 0.3516666666666666 0.63525 0.36266666666666664 0.63425 0.3686666666666667 0.63225 0.37766666666666665 0.6315 0.3833333333333333 0.6335000000000001 0.38433333333333336 0.6355 0.38733333333333336 0.637 0.39266666666666666 0.6425 0.398 0.644 0.3973333333333333 0.6402500000000001 0.3883333333333333 0.632 0.387 0.6295000000000001 0.38033333333333336 0.62525 0.368 0.6285 0.33599999999999997 0.63425 0.3173333333333333 0.631 0.304 0.6275 0.3 0.628 0.29933333333333334 0.63025 0.30033333333333334 0.631 0.309 0.632 0.33166666666666667 0.6377499999999999
0 0.108 0.6717500000000001 0.099 0.67675 0.09633333333333333 0.6787500000000001 0.09733333333333334 0.68025 0.10233333333333333 0.6789999999999999 0.10466666666666667 0.67675 0.10966666666666666 0.67525 0.11133333333333333 0.6729999999999999 0.11566666666666668 0.6717500000000001 0.11633333333333333 0.6705 0.12133333333333332 0.66825 0.12300000000000001 0.6652499999999999 0.122 0.64375 0.124 0.63175 0.135 0.61175 0.14066666666666666 0.60575 0.13999999999999999 0.60475 0.13666666666666666 0.605 0.12266666666666666 0.62425 0.11900000000000001 0.637 0.11833333333333333 0.66575 0.11433333333333334 0.67 0.108 0.6717500000000001
0 0.7013333333333334 0.4895 0.7046666666666667 0.47975 0.714 0.46825 0.7206666666666666 0.4635 0.7213333333333333 0.46125 0.724 0.46025 0.7273333333333334 0.45675 0.7263333333333334 0.453 0.723 0.4515 0.7123333333333334 0.44125000000000003 0.7100000000000001 0.44125000000000003 0.7093333333333334 0.44275 0.7156666666666667 0.44725 0.7163333333333334 0.4495 0.7196666666666667 0.45125 0.7226666666666667 0.457 0.7183333333333333 0.46175 0.7093333333333334 0.46675 0.6993333333333334 0.48075 0.698 0.48425 0.6953333333333334 0.5045 0.6960000000000001 0.50775 0.6996666666666665 0.50575 0.7013333333333334 0.4895
0 0.7736666666666666 0.512 0.781 0.5135 0.7916666666666666 0.5215000000000001 0.7966666666666667 0.53 0.8049999999999999 0.54 0.807 0.5415 0.8086666666666666 0.5407500000000001 0.8093333333333333 0.53975 0.8073333333333332 0.536 0.7899999999999999 0.51425 0.7833333333333333 0.51025 0.7773333333333333 0.50825 0.7656666666666666 0.507 0.7593333333333333 0.50775 0.756 0.5045 0.756 0.49774999999999997 0.7586666666666667 0.49175 0.7583333333333334 0.48775 0.755 0.49 0.753 0.502 0.7526666666666666 0.505 0.7546666666666667 0.5085 0.7703333333333333 0.51 0.7736666666666666 0.512