0 0.48150000000000004 0.3216666666666667 0.47575 0.3416666666666667 0.47600000000000003 0.3456666666666667 0.47775 0.34833333333333333 0.49125 0.35866666666666663 0.4925 0.35566666666666663 0.4825 0.347 0.48150000000000004 0.3446666666666666 0.48175 0.3396666666666666 0.4845 0.3313333333333333 0.4855 0.3193333333333333 0.48475 0.31433333333333335 0.48175 0.3083333333333333 0.481 0.30366666666666664 0.467 0.28600000000000003 0.4635 0.28400000000000003 0.46275 0.28500000000000003 0.46275 0.287 0.47575 0.3026666666666667 0.4805 0.314 0.48150000000000004 0.3216666666666667
0 0.416 0.3433333333333333 0.41750000000000004 0.3466666666666666 0.41700000000000004 0.3533333333333333 0.41424999999999995 0.3603333333333333 0.41325 0.366 0.41424999999999995 0.36966666666666664 0.41675 0.36966666666666664 0.41825 0.368 0.42175 0.3526666666666667 0.42225 0.3453333333333333 0.42100000000000004 0.3423333333333333 0.41475 0.335 0.40650000000000003 0.3273333333333333 0.403 0.321 0.40249999999999997 0.3096666666666667 0.40549999999999997 0.291 0.4045 0.28633333333333333 0.40275 0.28733333333333333 0.401 0.2906666666666667 0.39849999999999997 0.31133333333333335 0.39849999999999997 0.32066666666666666 0.40075 0.328 0.40700000000000003 0.3353333333333333 0.416 0.3433333333333333
0 0.62075 0.31699999999999995 0.62925 0.3383333333333333 0.63 0.3393333333333334 0.63225 0.3383333333333333 0.63025 0.32833333333333337 0.62875 0.3263333333333333 0.6267499999999999 0.3193333333333333 0.6232500000000001 0.31166666666666665 0.6174999999999999 0.303 0.60875 0.296 0.5982500000000001 0.29200000000000004 0.5954999999999999 0.2896666666666667 0.5942500000000001 0.2856666666666667 0.59675 0.2743333333333333 0.5952500000000001 0.266 0.59175 0.27499999999999997 0.58925 0.2896666666666667 0.59025 0.29333333333333333 0.61325 0.3056666666666667 0.62075 0.31699999999999995
0 0.5367500000000001 0.36966666666666664 0.5535 0.37733333333333335 0.5575 0.37666666666666665 0.5675 0.3646666666666667 0.58275 0.3673333333333333 0.586 0.36633333333333334 0.58175 0.36266666666666664 0.56775 0.359 0.55725 0.3693333333333333 0.55025 0.36966666666666664 0.5385 0.3646666666666667 0.5295 0.35566666666666663 0.526 0.35033333333333333 0.52225 0.3486666666666667 0.52225 0.35233333333333333 0.5245 0.35566666666666663 0.527 0.35733333333333334 0.5367500000000001 0.36966666666666664
0 0.6015 0.7846666666666666 0.59975 0.796 0.601 0.8036666666666668 0.6055 0.807 0.61975 0.8126666666666666 0.6204999999999999 0.8109999999999999 0.61975 0.8093333333333333 0.60475 0.8003333333333335 0.604 0.7973333333333333 0.6045 0.7893333333333333 0.60575 0.7856666666666667 0.607 0.7733333333333333 0.606 0.7616666666666667 0.59925 0.7393333333333333 0.592 0.724 0.5905 0.7256666666666667 0.5912499999999999 0.7306666666666667 0.594 0.735 0.6012500000000001 0.7586666666666667 0.6015 0.7846666666666666
0 0.725 0.49566666666666664 0.7272500000000001 0.506 0.7344999999999999 0.5173333333333333 0.743 0.5263333333333333 0.74925 0.531 0.7527499999999999 0.5413333333333333 0.7517499999999999 0.5486666666666666 0.75225 0.5569999999999999 0.755 0.5596666666666666 0.755 0.5339999999999999 0.7527499999999999 0.529 0.73975 0.518 0.73225 0.508 0.72825 0.49833333333333335 0.7274999999999999 0.493 0.726 0.491 0.72425 0.4723333333333333 0.72375 0.47100000000000003 0.7214999999999999 0.4713333333333334 0.7207499999999999 0.4723333333333333 0.721 0.47733333333333333 0.72375 0.4936666666666667 0.725 0.49566666666666664
0 0.6817500000000001 0.5573333333333333 0.69225 0.5630000000000001 0.7078332500000001 0.5623333333333334 0.7115 0.5643333333333334 0.7167500000000001 0.5836666666666667 0.7204999999999999 0.5863333333333333 0.721 0.5843333333333333 0.7172499999999999 0.5650000000000001 0.7135 0.5569999999999999 0.7104999999999999 0.5556666666666666 0.70475 0.5556666666666666 0.694 0.5573333333333333 0.685 0.554 0.67825 0.5473333333333333 0.6655 0.5283333333333333 0.66325 0.5286666666666666 0.6625 0.5293333333333333 0.6637500000000001 0.5336666666666667 0.6677500000000001 0.54 0.6817500000000001 0.5573333333333333
0 0.29275 0.5163333333333333 0.28925 0.5186666666666666 0.2745 0.519 0.27649999999999997 0.5223333333333333 0.27999999999999997 0.5236666666666666 0.29375 0.5233333333333333 0.29550000000000004 0.5223333333333333 0.29725 0.5183333333333333 0.29925 0.502 0.3025 0.489 0.31 0.4776666666666667 0.319 0.46900000000000003 0.32275 0.467 0.3255 0.46299999999999997 0.3245 0.4613333333333333 0.32125 0.462 0.30625 0.474 0.3015 0.481 0.29675 0.49266666666666664 0.29425 0.512 0.29275 0.5163333333333333
0 0.27116675 0.5626666666666666 0.27375 0.564 0.2755 0.571 0.27775 0.5733333333333334 0.28275 0.585 0.28875 0.592 0.3105 0.605 0.314 0.6056666666666667 0.31425 0.6020000000000001 0.299 0.593 0.28925 0.585 0.28125 0.5726666666666667 0.27999999999999997 0.567 0.276 0.5583333333333333 0.272 0.5566666666666666 0.257 0.5643333333333334 0.255 0.5676666666666667 0.2585 0.5686666666666667 0.2665 0.5630000000000001 0.27116675 0.5626666666666666
0 0.26 0.661 0.26699999999999996 0.6473333333333334 0.2715 0.6446666666666666 0.283 0.6456666666666666 0.2855 0.6436666666666667 0.28325 0.642 0.27525 0.6403333333333334 0.26675 0.6406666666666666 0.2645 0.643 0.26075000000000004 0.6523333333333333 0.25575 0.6589999999999999 0.24725 0.6666666666666666 0.24150000000000002 0.67 0.23450000000000001 0.6713333333333333 0.22 0.678 0.22025 0.6796666666666666 0.22449999999999998 0.6799999999999999 0.2515 0.6689999999999999 0.26 0.661
0 0.46325 0.8073333333333332 0.46974999999999995 0.8246666666666665 0.4905 0.8456666666666666 0.49475 0.8476666666666667 0.49525 0.8450000000000001 0.493 0.8416666666666667 0.48675 0.8366666666666667 0.47250000000000003 0.8203333333333334 0.46875 0.8106666666666668 0.46499999999999997 0.7843333333333333 0.46125 0.7793333333333334 0.45425 0.7743333333333333 0.44925 0.769 0.44575 0.768 0.4465 0.7723333333333334 0.45749999999999996 0.7813333333333333 0.46125 0.7863333333333334 0.46325 0.8073333333333332
0 0.64425 0.7933333333333334 0.64675 0.8033333333333333 0.65025 0.8103333333333333 0.66975 0.826 0.6787500000000001 0.8350000000000001 0.68225 0.8350000000000001 0.6815 0.8316666666666666 0.6787500000000001 0.8286666666666667 0.6707500000000001 0.8226666666666667 0.667 0.8176666666666668 0.65725 0.8113333333333332 0.6525 0.8056666666666666 0.6487499999999999 0.7969999999999999 0.6479999999999999 0.7746666666666667 0.6332500000000001 0.762 0.63025 0.7603333333333333 0.6277499999999999 0.7606666666666667 0.6269999999999999 0.762 0.642 0.7756666666666667 0.6435000000000001 0.7806666666666666 0.64425 0.7933333333333334