0 0.217 0.27575 0.22099999999999997 0.26225 0.22966666666666666 0.25375000000000003 0.23800000000000002 0.25 0.24966666666666665 0.24825 0.25566666666666665 0.24625 0.2653333333333333 0.24525 0.2663333333333333 0.24475 0.26566666666666666 0.24225 0.25066666666666665 0.244 0.243 0.24625 0.2346666666666667 0.24725 0.22633333333333333 0.25125000000000003 0.21966666666666668 0.257 0.21666666666666665 0.26275 0.215 0.27 0.21133333333333335 0.27375 0.20600000000000002 0.27425 0.2016666666666667 0.27375 0.19966666666666666 0.2725 0.19566666666666668 0.27325 0.18866666666666668 0.27225 0.18700000000000003 0.2745 0.18666666666666668 0.27575 0.18866666666666668 0.27675 0.21433333333333332 0.27725 0.217 0.27575
0 0.2026666666666667 0.41424999999999995 0.20766666666666667 0.41750000000000004 0.21066666666666667 0.42100000000000004 0.21466666666666667 0.427 0.217 0.43324999999999997 0.22033333333333333 0.4355 0.24133333333333334 0.434 0.248 0.43225 0.24766666666666667 0.43075 0.24533333333333332 0.42950000000000005 0.22833333333333333 0.431 0.22133333333333333 0.42925 0.219 0.427 0.21433333333333332 0.41750000000000004 0.20733333333333334 0.41125 0.18799999999999997 0.4035 0.16899999999999998 0.40049999999999997 0.16466666666666666 0.401 0.16233333333333333 0.40325 0.16233333333333333 0.40549999999999997 0.17900000000000002 0.40625 0.19266666666666665 0.41000000000000003 0.2026666666666667 0.41424999999999995
0 0.29966666666666664 0.5385 0.3056666666666667 0.54525 0.314 0.56175 0.31766666666666665 0.56425 0.31866666666666665 0.5605 0.3076666666666667 0.53975 0.3006666666666667 0.53275 0.29 0.526 0.2783333333333333 0.524 0.276 0.5225 0.27166666666666667 0.5217499999999999 0.27 0.51925 0.27033333333333337 0.505 0.269 0.504 0.26699999999999996 0.508 0.26666666666666666 0.523 0.268 0.5255 0.2833333333333333 0.528 0.29966666666666664 0.5385
0 0.215 0.58525 0.22066666666666668 0.58225 0.23433333333333334 0.571 0.247 0.552 0.2513333333333333 0.5495 0.266 0.54425 0.2673333333333333 0.54325 0.26666666666666666 0.54025 0.2653333333333333 0.53975 0.262 0.5407500000000001 0.24366666666666667 0.5479999999999999 0.23266666666666666 0.566 0.22266666666666665 0.576 0.21733333333333335 0.5792499999999999 0.2063333333333333 0.583 0.20099999999999998 0.586 0.19166666666666665 0.58875 0.19066666666666665 0.59175 0.19533333333333333 0.592 0.199 0.59 0.215 0.58525
0 0.14666666666666667 0.6052500000000001 0.14266666666666666 0.61375 0.13533333333333333 0.6230000000000001 0.136 0.6265000000000001 0.147 0.6405000000000001 0.15033333333333335 0.64125 0.151 0.639 0.14766666666666667 0.6335000000000001 0.14200000000000002 0.62875 0.14066666666666666 0.624 0.14233333333333334 0.619 0.14766666666666667 0.61275 0.14966666666666667 0.60725 0.15433333333333332 0.60025 0.158 0.5895 0.158 0.56725 0.15400000000000003 0.5675 0.15433333333333332 0.58475 0.15233333333333335 0.5945 0.149 0.603 0.14666666666666667 0.6052500000000001
0 0.5463333333333333 0.34349999999999997 0.564 0.33999999999999997 0.5673333333333334 0.33875 0.5713333333333334 0.335 0.5806666666666667 0.321 0.5813333333333334 0.30025 0.578 0.303 0.576 0.323 0.5653333333333334 0.33599999999999997 0.5606666666666666 0.33775 0.5533333333333333 0.3375 0.5473333333333333 0.3385 0.5396666666666666 0.345 0.5326666666666666 0.354 0.5316666666666667 0.35575 0.5326666666666666 0.35675 0.5363333333333333 0.35425 0.5463333333333333 0.34349999999999997
0 0.6666666666666666 0.48924999999999996 0.6646666666666667 0.49175 0.663 0.49825 0.6646666666666667 0.50775 0.668 0.5125000000000001 0.6703333333333333 0.5135 0.6886666666666668 0.53125 0.693 0.533 0.6933333333333332 0.52925 0.6789999999999999 0.5155 0.6706666666666666 0.5095000000000001 0.6666666666666666 0.5027499999999999 0.6663333333333333 0.4975 0.6716666666666667 0.484 0.6693333333333333 0.48075 0.6586666666666666 0.47250000000000003 0.6576666666666667 0.47025 0.654 0.46974999999999995 0.6543333333333334 0.47225 0.663 0.47925 0.6666666666666666 0.48500000000000004 0.6666666666666666 0.48924999999999996
0 0.3413333333333333 0.5745 0.342 0.5765 0.3453333333333333 0.57675 0.3566666666666667 0.5499999999999999 0.35733333333333334 0.5375 0.35133333333333333 0.5245 0.35133333333333333 0.52075 0.3526666666666667 0.51775 0.36266666666666664 0.50875 0.3636666666666667 0.50475 0.36233333333333334 0.5045 0.35300000000000004 0.51225 0.35033333333333333 0.51575 0.3456666666666667 0.519 0.34400000000000003 0.52225 0.34933333333333333 0.5315 0.352 0.539 0.34933333333333333 0.5575 0.3413333333333333 0.5745
0 0.368 0.56275 0.35300000000000004 0.5745 0.35100000000000003 0.578 0.352 0.5785 0.3646666666666667 0.571 0.37766666666666665 0.55775 0.38 0.5505 0.37733333333333335 0.5339999999999999 0.37766666666666665 0.52925 0.37966666666666665 0.52775 0.3953333333333333 0.5225 0.39499999999999996 0.5205 0.394 0.51975 0.38366666666666666 0.52225 0.3813333333333333 0.524 0.37466666666666665 0.525 0.37166666666666665 0.52775 0.37166666666666665 0.532 0.37533333333333335 0.5457500000000001 0.37466666666666665 0.55425 0.368 0.56275
0 0.3596666666666667 0.326 0.3616666666666667 0.32475 0.3603333333333333 0.3185 0.3603333333333333 0.3035 0.36433333333333334 0.29475 0.37233333333333335 0.28875 0.38033333333333336 0.287 0.38933333333333336 0.28275 0.3903333333333333 0.27875 0.38366666666666666 0.26325 0.3806666666666667 0.2655 0.385 0.27825 0.38166666666666665 0.28175 0.3693333333333333 0.2855 0.36333333333333334 0.2895 0.357 0.30025 0.35566666666666663 0.304 0.35566666666666663 0.31224999999999997 0.35733333333333334 0.32475 0.3596666666666667 0.326
0 0.24600000000000002 0.356 0.23800000000000002 0.37325 0.24333333333333335 0.37675 0.25866666666666666 0.38325 0.262 0.38375 0.262 0.38 0.247 0.37400000000000005 0.24333333333333335 0.3685 0.24933333333333335 0.35575 0.25 0.34175 0.24833333333333332 0.33675 0.23766666666666666 0.3215 0.23433333333333334 0.31925 0.233 0.32 0.23266666666666666 0.3215 0.23900000000000002 0.32899999999999996 0.24666666666666667 0.34225 0.24600000000000002 0.356
0 0.35800000000000004 0.6024999999999999 0.377 0.5957499999999999 0.37933333333333336 0.594 0.385 0.5932499999999999 0.391 0.5957499999999999 0.39766666666666667 0.6020000000000001 0.4003333333333333 0.60325 0.403 0.6022500000000001 0.40199999999999997 0.59875 0.387 0.588 0.38366666666666666 0.588 0.381 0.58975 0.35033333333333333 0.6005 0.33866666666666667 0.601 0.32766666666666666 0.60025 0.3243333333333333 0.599 0.31166666666666665 0.599 0.31133333333333335 0.6022500000000001 0.31333333333333335 0.6027499999999999 0.3463333333333334 0.605 0.35800000000000004 0.6024999999999999
0 0.405 0.6134999999999999 0.39066666666666666 0.61825 0.389 0.6195 0.38999999999999996 0.6222500000000001 0.4093333333333333 0.6162500000000001 0.4146666666666667 0.613 0.415 0.60875 0.41000000000000003 0.59175 0.413 0.578 0.4156666666666667 0.57425 0.42 0.56325 0.42233333333333334 0.56075 0.423 0.55725 0.422 0.5565 0.418 0.5597500000000001 0.4073333333333333 0.5812499999999999 0.4056666666666666 0.5994999999999999 0.4086666666666667 0.60475 0.4096666666666667 0.6097499999999999 0.405 0.6134999999999999