0 0.21533333333333335 0.34675 0.22566666666666665 0.364 0.23433333333333334 0.37175 0.25033333333333335 0.38025 0.2593333333333333 0.38375 0.266 0.38475 0.268 0.3835 0.262 0.37975 0.25633333333333336 0.37825 0.243 0.372 0.24133333333333334 0.36975 0.23333333333333334 0.36475 0.22633333333333333 0.3575 0.21833333333333332 0.342 0.21666666666666665 0.34075 0.21266666666666667 0.34025 0.19933333333333333 0.342 0.18833333333333332 0.34474999999999995 0.18733333333333332 0.3455 0.189 0.34675 0.20833333333333334 0.34474999999999995 0.21533333333333335 0.34675
0 0.4096666666666667 0.60875 0.4086666666666667 0.6162500000000001 0.40399999999999997 0.6222500000000001 0.38 0.6405000000000001 0.3813333333333333 0.642 0.38366666666666666 0.64225 0.38666666666666666 0.6409999999999999 0.4013333333333333 0.6307499999999999 0.4076666666666667 0.626 0.4126666666666666 0.62 0.415 0.615 0.416 0.60575 0.408 0.5952500000000001 0.409 0.5905 0.4186666666666667 0.5805 0.41966666666666663 0.57775 0.41833333333333333 0.57675 0.408 0.58475 0.39899999999999997 0.5952500000000001 0.40066666666666667 0.5985 0.4036666666666666 0.60025 0.4083333333333333 0.6055 0.4096666666666667 0.60875
0 0.31266666666666665 0.5942500000000001 0.319 0.6005 0.327 0.6162500000000001 0.33099999999999996 0.6192500000000001 0.356 0.61775 0.35933333333333334 0.6162500000000001 0.35633333333333334 0.61425 0.33675 0.6145 0.33266666666666667 0.613 0.33033333333333337 0.6104999999999999 0.32866666666666666 0.6045 0.32466666666666666 0.59775 0.315 0.588 0.3006666666666667 0.5815 0.293 0.57975 0.28633333333333333 0.57675 0.2796666666666667 0.5750000000000001 0.278 0.576 0.27666666666666667 0.578 0.2786666666666667 0.5795 0.2926666666666667 0.5842499999999999 0.31266666666666665 0.5942500000000001
0 0.37866666666666665 0.6605 0.38299999999999995 0.6589999999999999 0.4043333333333333 0.65925 0.42166666666666663 0.6575000000000001 0.441 0.64825 0.45333333333333337 0.6405000000000001 0.44966666666666666 0.63925 0.43933333333333335 0.644 0.43766666666666665 0.64575 0.43166666666666664 0.6472500000000001 0.42933333333333334 0.649 0.41733333333333333 0.653 0.408 0.6547499999999999 0.40066666666666667 0.65525 0.38466666666666666 0.65325 0.38 0.65375 0.3756666666666667 0.65625 0.37266666666666665 0.6615 0.36966666666666664 0.6715000000000001 0.36966666666666664 0.6755 0.3736666666666667 0.6729999999999999 0.37866666666666665 0.6605
0 0.5253333333333333 0.47800000000000004 0.5383333333333333 0.48425 0.5433333333333333 0.4855 0.5623333333333334 0.48625 0.5803333333333334 0.4855 0.5846666666666667 0.48425 0.5813333333333334 0.4825 0.552 0.48275 0.5456666666666666 0.482 0.5366666666666666 0.479 0.53 0.4755 0.52 0.46675 0.5156666666666667 0.46525 0.494 0.46675 0.49133333333333334 0.46900000000000003 0.491 0.4705 0.513 0.46974999999999995 0.516 0.47075 0.5253333333333333 0.47800000000000004
0 0.6723333333333333 0.526 0.6683333333333334 0.5405 0.6713333333333333 0.543 0.6823333333333332 0.54675 0.6886666666666668 0.54825 0.6926666666666668 0.54775 0.6933333333333332 0.54625 0.6923333333333334 0.545 0.6826666666666666 0.54225 0.675 0.5387500000000001 0.6743333333333333 0.536 0.6776666666666666 0.5257499999999999 0.6783333333333333 0.51625 0.6753333333333335 0.50775 0.6649999999999999 0.48825 0.6613333333333334 0.48574999999999996 0.6606666666666667 0.48625 0.6596666666666666 0.48775 0.667 0.5005000000000001 0.6729999999999999 0.51775 0.6723333333333333 0.526
0 0.7030000000000001 0.6145 0.7056666666666667 0.61275 0.7083333333333334 0.59475 0.7116666666666667 0.5840000000000001 0.7146666666666667 0.57975 0.731 0.5675 0.7340000000000001 0.56375 0.7306666666666667 0.5630000000000001 0.7083333333333334 0.58075 0.7046666666666667 0.592 0.701 0.61025 0.698 0.61175 0.6823333333333332 0.6145 0.6786666666666668 0.61825 0.6783333333333333 0.61975 0.6793333333333332 0.61975 0.684 0.618 0.7030000000000001 0.6145
0 0.6023333333333334 0.62525 0.6056666666666667 0.62525 0.6063333333333333 0.6230000000000001 0.6006666666666667 0.61775 0.5963333333333333 0.6090000000000001 0.603 0.599 0.6086666666666667 0.58175 0.6086666666666667 0.57725 0.604 0.55725 0.6023333333333334 0.55375 0.5986666666666667 0.554 0.603 0.58325 0.6003333333333333 0.5925 0.59 0.6094999999999999 0.6023333333333334 0.62525
0 0.20866666666666667 0.68375 0.21466666666666667 0.69341675 0.21166666666666667 0.71075 0.20833333333333334 0.7200000000000001 0.20966666666666664 0.72375 0.23033333333333333 0.7342500000000001 0.23433333333333334 0.7342500000000001 0.23266666666666666 0.73075 0.21666666666666665 0.723 0.21466666666666667 0.721 0.215 0.714 0.217 0.7104999999999999 0.22 0.69525 0.21733333333333335 0.6859999999999999 0.21066666666666667 0.6787500000000001 0.19599999999999998 0.6677500000000001 0.19266666666666665 0.66675 0.19133333333333336 0.66725 0.19 0.66825 0.19266666666666665 0.6715000000000001 0.19833333333333336 0.67425 0.20866666666666667 0.68375
0 0.547 0.24525 0.5553333333333333 0.2475 0.5686666666666667 0.2535 0.571 0.2555 0.5746666666666667 0.256 0.5776666666666667 0.255 0.5816666666666667 0.25175 0.5886666666666667 0.24475 0.5903333333333334 0.241 0.5883333333333334 0.24025 0.5793333333333334 0.24875 0.574 0.25125000000000003 0.5700000000000001 0.25 0.5606666666666666 0.24375 0.5553333333333333 0.24150000000000002 0.547 0.24000000000000002 0.531 0.24125 0.5086666666666667 0.24875 0.509 0.25175 0.5146666666666667 0.24950000000000003 0.5343333333333333 0.24525 0.547 0.24525
0 0.6266666666666667 0.25875 0.6353333333333333 0.2505 0.6426666666666667 0.24625 0.6513333333333333 0.2475 0.661 0.251 0.6643333333333333 0.24825 0.6473333333333334 0.24225 0.6406666666666666 0.242 0.637 0.24375 0.629 0.25225 0.6223333333333334 0.256 0.6160000000000001 0.258 0.6063333333333333 0.25925 0.585 0.258 0.5826666666666667 0.2585 0.5813333333333334 0.26075000000000004 0.581 0.262 0.5826666666666667 0.2625 0.6166666666666666 0.262 0.6266666666666667 0.25875
0 0.4013333333333333 0.29325 0.418 0.29550000000000004 0.425 0.298 0.4276666666666667 0.30165000000000003 0.429 0.31125 0.43133333333333335 0.313 0.43366666666666664 0.312 0.4326666666666667 0.297 0.4296666666666667 0.293 0.39866666666666667 0.28750000000000003 0.38166666666666665 0.27625 0.36966666666666664 0.2645 0.3666666666666667 0.26525 0.3666666666666667 0.269 0.37833333333333335 0.27975 0.389 0.28725 0.4013333333333333 0.29325
0 0.409 0.7 0.42533333333333334 0.6890000000000001 0.43666666666666665 0.6765 0.43866666666666665 0.6715000000000001 0.43866666666666665 0.66125 0.44066666666666665 0.6577500000000001 0.443 0.65625 0.4543333333333333 0.6545000000000001 0.46299999999999997 0.651 0.4623333333333334 0.65025 0.45666666666666667 0.64925 0.439 0.6525 0.43666666666666665 0.65375 0.434 0.6582499999999999 0.43233333333333335 0.67275 0.4276666666666667 0.68025 0.41533333333333333 0.69125 0.4056666666666666 0.697 0.3973333333333333 0.7002499999999999 0.39566666666666667 0.7027500000000001 0.3966666666666667 0.7034999999999999 0.4013333333333333 0.7030000000000001 0.409 0.7