0 0.5066666666666667 0.522 0.5196666666666667 0.51425 0.5293333333333333 0.512 0.5366666666666666 0.50875 0.5396666666666666 0.50375 0.5433333333333333 0.49175 0.543 0.48924999999999996 0.5396666666666666 0.49025 0.536 0.502 0.532 0.5065 0.5203333333333333 0.511 0.5153333333333333 0.51175 0.5016666666666667 0.52075 0.49733333333333335 0.526 0.491 0.53975 0.4896666666666667 0.5457500000000001 0.48766666666666664 0.54775 0.48766666666666664 0.552 0.495 0.5415 0.5 0.529 0.5066666666666667 0.522
0 0.23933333333333331 0.498 0.2583333333333333 0.50575 0.26133333333333336 0.50575 0.264 0.507 0.2776666666666667 0.51925 0.2916666666666667 0.5395 0.29333333333333333 0.5405 0.295 0.54 0.29333333333333333 0.5335 0.2856666666666667 0.5225 0.273 0.50875 0.2643333333333333 0.50425 0.26233333333333336 0.5015 0.24333333333333335 0.49550000000000005 0.241 0.49125 0.24133333333333334 0.48775 0.23800000000000002 0.47650000000000003 0.23666666666666666 0.47600000000000003 0.23533333333333334 0.477 0.23533333333333334 0.48075 0.23766666666666666 0.49525 0.23933333333333331 0.498
0 0.23533333333333334 0.64375 0.23733333333333334 0.6405000000000001 0.255 0.63825 0.277 0.6305 0.3013333333333333 0.6092500000000001 0.30366666666666664 0.605 0.30033333333333334 0.6055 0.279 0.6244999999999999 0.273 0.628 0.23399999999999999 0.637 0.23066666666666666 0.6405000000000001 0.22966666666666666 0.64675 0.22899999999999998 0.65875 0.23066666666666666 0.6605 0.2323333333333333 0.6582499999999999 0.23533333333333334 0.64375
0 0.35433333333333333 0.6305 0.35833333333333334 0.6337499999999999 0.37666666666666665 0.6407499999999999 0.378 0.6405000000000001 0.379 0.637 0.365 0.63125 0.3596666666666667 0.62725 0.36966666666666664 0.6092500000000001 0.37066666666666664 0.60325 0.37033333333333335 0.5885 0.36633333333333334 0.57025 0.36266666666666664 0.5680000000000001 0.3616666666666667 0.5705 0.36566666666666664 0.6022500000000001 0.36233333333333334 0.61375 0.35533333333333333 0.6237499999999999 0.35433333333333333 0.6305
0 0.21333333333333332 0.34950000000000003 0.23633333333333334 0.3455 0.243 0.349 0.25033333333333335 0.35975 0.25166666666666665 0.36074999999999996 0.25333333333333335 0.3595 0.24833333333333332 0.34875 0.24600000000000002 0.347 0.24366666666666667 0.34225 0.241 0.3405 0.215 0.34474999999999995 0.19533333333333333 0.34425 0.17433333333333334 0.33649999999999997 0.16466666666666666 0.33125 0.16433333333333333 0.33525 0.18566666666666667 0.34525 0.198 0.349 0.21333333333333332 0.34950000000000003
0 0.09533333333333333 0.32675000000000004 0.10933333333333334 0.32525000000000004 0.127 0.326 0.13266666666666665 0.32475 0.14200000000000002 0.311 0.14366666666666666 0.30674999999999997 0.141 0.305 0.13933333333333334 0.30575 0.13133333333333333 0.31825000000000003 0.127 0.32049999999999995 0.10133333333333334 0.31925 0.09533333333333333 0.32025000000000003 0.08466666666666667 0.32399999999999995 0.07300000000000001 0.33025 0.05666666666666667 0.34425 0.056999999999999995 0.3465 0.060333333333333336 0.34625 0.07700000000000001 0.33375 0.09533333333333333 0.32675000000000004
0 0.1686666666666667 0.22525 0.19599999999999998 0.23125 0.20433333333333334 0.23125 0.21533333333333335 0.22825 0.2323333333333333 0.22025 0.23800000000000002 0.217 0.23900000000000002 0.2135 0.23766666666666666 0.21225 0.23399999999999999 0.2125 0.212 0.2225 0.2026666666666667 0.225 0.19066666666666665 0.224 0.16466666666666666 0.21825000000000003 0.16133333333333333 0.219 0.14633333333333334 0.231 0.144 0.23475000000000001 0.14733333333333334 0.23675 0.16133333333333333 0.22624999999999998 0.1686666666666667 0.22525
0 0.6413333333333333 0.48850000000000005 0.6366666666666667 0.49424999999999997 0.635 0.49875 0.6363333333333334 0.50825 0.6613333333333334 0.53725 0.6636666666666667 0.5365 0.663 0.533 0.6516666666666666 0.5185 0.6423333333333333 0.5097499999999999 0.6393333333333333 0.50375 0.639 0.49924999999999997 0.6426666666666667 0.49125 0.6476666666666666 0.48425 0.647 0.481 0.6339999999999999 0.46675 0.6306666666666666 0.46649999999999997 0.63 0.46725 0.6316666666666667 0.4705 0.6426666666666667 0.48374999999999996 0.6413333333333333 0.48850000000000005
0 0.654 0.401 0.661 0.41475 0.6646666666666667 0.41424999999999995 0.6653333333333333 0.41125 0.6589999999999999 0.39725 0.6543333333333334 0.38775000000000004 0.6479999999999999 0.37949999999999995 0.644 0.3765 0.6233333333333333 0.372 0.621 0.37050000000000005 0.6196666666666667 0.3675 0.6196666666666667 0.35174999999999995 0.6160000000000001 0.35375 0.6166666666666666 0.373 0.643 0.38275000000000003 0.652 0.3945 0.654 0.401
0 0.6406666666666666 0.31775 0.6486666666666666 0.31975000000000003 0.6586666666666666 0.3245 0.66 0.33008325 0.6586666666666666 0.33999999999999997 0.6613333333333334 0.34075 0.6633333333333333 0.3385 0.667 0.32825 0.6676666666666667 0.32399999999999995 0.6666666666666666 0.32025000000000003 0.6386666666666666 0.3095 0.629 0.30275 0.6126666666666667 0.28225 0.61 0.28475 0.6093333333333334 0.28625 0.6126666666666667 0.29175 0.6263333333333334 0.3085 0.6406666666666666 0.31775
0 0.7006666666666667 0.482 0.7046666666666667 0.48350000000000004 0.7090000000000001 0.49424999999999997 0.7143333333333333 0.502 0.7203333333333334 0.5075000000000001 0.745 0.51925 0.7526666666666666 0.52025 0.7553333333333333 0.519 0.7486666666666666 0.51525 0.7336666666666667 0.51 0.7226666666666667 0.504 0.715 0.49624999999999997 0.7113333333333333 0.49025 0.7086666666666667 0.481 0.7063333333333334 0.4785 0.7026666666666667 0.477 0.6789999999999999 0.4805 0.6793333333333332 0.48275 0.6816666666666668 0.48350000000000004 0.6893333333333332 0.482 0.7006666666666667 0.482