0 0.484 0.23575 0.49466666666666664 0.235 0.5056666666666667 0.23249999999999998 0.5133333333333333 0.233 0.5233333333333333 0.23625000000000002 0.527 0.2385 0.5433333333333333 0.254 0.5466666666666666 0.25475000000000003 0.5496666666666666 0.2525 0.5496666666666666 0.2505 0.5466666666666666 0.24600000000000002 0.5396666666666666 0.23975000000000002 0.5256666666666666 0.23049999999999998 0.5183333333333333 0.22799999999999998 0.5096666666666666 0.22675 0.5016666666666667 0.22675 0.49266666666666664 0.22974999999999998 0.487 0.23025 0.48233333333333334 0.22699999999999998 0.47433333333333333 0.21725 0.472 0.218 0.4716666666666666 0.2205 0.47733333333333333 0.22899999999999998 0.48133333333333334 0.23424999999999999 0.484 0.23575
0 0.43666666666666665 0.288 0.439 0.29 0.4466666666666667 0.29200000000000004 0.44833333333333336 0.2935 0.4703333333333333 0.29475 0.48133333333333334 0.2925 0.504 0.3015 0.508 0.30025 0.49466666666666664 0.2865 0.49133333333333334 0.2845 0.48733333333333334 0.28400000000000003 0.4676666666666667 0.28825 0.4513333333333333 0.28775 0.4493333333333333 0.2865 0.446 0.28675 0.4346666666666667 0.28125 0.422 0.2725 0.418 0.27525 0.4186666666666667 0.27925 0.4226666666666667 0.28099999999999997 0.425 0.2835 0.43666666666666665 0.288
0 0.743 0.51825 0.7413333333333333 0.513 0.7396666666666667 0.5135 0.7410000000000001 0.5225 0.7443333333333334 0.52325 0.7446666666666667 0.519 0.743 0.51825
0 0.7393333333333333 0.50725 0.7403333333333334 0.50175 0.7376666666666667 0.49025 0.735 0.49325 0.7373333333333334 0.50725 0.7410000000000001 0.5097499999999999 0.7410000000000001 0.50825 0.7393333333333333 0.50725
0 0.7223333333333334 0.48300000000000004 0.7236666666666667 0.48475 0.7273333333333334 0.486 0.732 0.48574999999999996 0.7323333333333333 0.48425 0.7283333333333333 0.48300000000000004 0.7270000000000001 0.48150000000000004 0.7193333333333334 0.47925 0.7170000000000001 0.47725 0.7130000000000001 0.47674999999999995 0.7100000000000001 0.47225 0.7063333333333334 0.45799999999999996 0.7036666666666667 0.45975 0.7053333333333334 0.47425 0.7083333333333334 0.4785 0.712 0.48075 0.7223333333333334 0.48300000000000004
0 0.588 0.497 0.6023333333333334 0.4925 0.6196666666666667 0.49125 0.6269999999999999 0.4845 0.6333333333333334 0.4755 0.6339999999999999 0.4705 0.629 0.47300000000000003 0.6193333333333334 0.48574999999999996 0.6020000000000001 0.4875 0.59 0.49074999999999996 0.5833333333333334 0.494 0.5743333333333334 0.501 0.5606666666666666 0.518 0.5606666666666666 0.52075 0.5646666666666667 0.51975 0.5793333333333334 0.50375 0.588 0.497
0 0.6193333333333334 0.415 0.631 0.41400000000000003 0.6476666666666666 0.416 0.6586666666666666 0.42075 0.6683333333333334 0.42875 0.675 0.4325 0.6789999999999999 0.43324999999999997 0.6816666666666668 0.43225 0.6746666666666667 0.42525 0.6649999999999999 0.418 0.651 0.41125 0.6376666666666666 0.40925 0.6166666666666666 0.40875 0.611 0.3995 0.6090000000000001 0.393 0.606 0.39349999999999996 0.606 0.39775 0.6083333333333334 0.40425 0.6146666666666667 0.413 0.6193333333333334 0.415
0 0.303 0.24325 0.311 0.24125 0.32899999999999996 0.233 0.3383333333333333 0.23175 0.349 0.233 0.36766666666666664 0.24175000000000002 0.37333333333333335 0.24225 0.37466666666666665 0.24125 0.37266666666666665 0.23875 0.36566666666666664 0.236 0.36333333333333334 0.23399999999999999 0.3456666666666667 0.22724999999999998 0.33366666666666667 0.2275 0.32266666666666666 0.23074999999999998 0.31233333333333335 0.236 0.3033333333333333 0.23800000000000002 0.298 0.23650000000000002 0.28600000000000003 0.22799999999999998 0.2823333333333333 0.22724999999999998 0.2806666666666667 0.231 0.28933333333333333 0.235 0.29933333333333334 0.24225 0.303 0.24325
0 0.32466666666666666 0.30725 0.318 0.29725 0.3193333333333333 0.29275 0.3363333333333333 0.2835 0.3466666666666666 0.27275 0.349 0.26825 0.3526666666666667 0.25375000000000003 0.3533333333333333 0.248 0.35233333333333333 0.2465 0.34833333333333333 0.248 0.3426666666666667 0.26825 0.339 0.27375 0.3273333333333333 0.28325 0.313 0.2895 0.3103333333333333 0.2925 0.3173333333333333 0.307 0.321 0.311 0.32466666666666666 0.311 0.32466666666666666 0.30725
0 0.204 0.30124999999999996 0.22133333333333333 0.30100000000000005 0.22699999999999998 0.30225 0.2323333333333333 0.309 0.23433333333333334 0.315 0.236 0.31525 0.23766666666666666 0.31725 0.23766666666666666 0.313 0.23433333333333334 0.30625 0.23266666666666666 0.305 0.231 0.3 0.22733333333333333 0.29675 0.20666666666666667 0.297 0.19066666666666665 0.295 0.17766666666666667 0.28875 0.16566666666666666 0.28075 0.161 0.27575 0.158 0.2745 0.155 0.27475 0.15433333333333332 0.27625 0.17866666666666667 0.29375 0.19266666666666665 0.29974999999999996 0.204 0.30124999999999996
0 0.4073333333333333 0.5465 0.41900000000000004 0.53575 0.42666666666666664 0.5307499999999999 0.44766666666666666 0.52225 0.45033333333333336 0.519 0.45266666666666666 0.501 0.44966666666666666 0.50025 0.44833333333333336 0.5015 0.4466666666666667 0.51225 0.444 0.518 0.441 0.52 0.4326666666666667 0.522 0.423 0.526 0.4136666666666667 0.53275 0.4066666666666667 0.539 0.39266666666666666 0.55725 0.39066666666666666 0.56075 0.39066666666666666 0.564 0.3953333333333333 0.5619999999999999 0.4073333333333333 0.5465
0 0.486 0.594 0.48766666666666664 0.6160000000000001 0.49133333333333334 0.618 0.49833333333333335 0.6192500000000001 0.5153333333333333 0.61975 0.5153333333333333 0.6160000000000001 0.5006666666666667 0.615 0.4936666666666667 0.61325 0.49200000000000005 0.6092500000000001 0.49133333333333334 0.59275 0.48633333333333334 0.58325 0.4726666666666667 0.5680000000000001 0.4646666666666666 0.56075 0.462 0.5599999999999999 0.46066666666666667 0.5605 0.46166666666666667 0.564 0.475 0.5770000000000001 0.486 0.594
0 0.36266666666666664 0.6547499999999999 0.363 0.65075 0.35933333333333334 0.6405000000000001 0.3596666666666667 0.63625 0.3646666666666667 0.63225 0.37666666666666665 0.6275 0.3953333333333333 0.6162500000000001 0.4116666666666667 0.592 0.41133333333333333 0.5885 0.4076666666666667 0.59025 0.3923333333333333 0.613 0.37966666666666665 0.6215 0.375 0.6230000000000001 0.3673333333333333 0.628 0.3603333333333333 0.63 0.35500000000000004 0.6335000000000001 0.3546666666666667 0.6347499999999999 0.3546666666666667 0.6407499999999999 0.35833333333333334 0.654 0.35933333333333334 0.6549999999999999 0.36266666666666664 0.6547499999999999
0 0.311 0.3505 0.339 0.34525 0.3426666666666667 0.347 0.35133333333333333 0.35825 0.356 0.35925 0.356 0.3555 0.3453333333333333 0.34149999999999997 0.3416666666666667 0.33975 0.32966666666666666 0.34175 0.32466666666666666 0.34375 0.311 0.34575 0.3033333333333333 0.34575 0.2886666666666666 0.34325 0.27033333333333337 0.335 0.2653333333333333 0.33475 0.266 0.33875 0.29133333333333333 0.34875 0.29666666666666663 0.35 0.311 0.3505