0 0.17266666666666666 0.337 0.177 0.33975 0.17866666666666667 0.34275000000000005 0.17066666666666666 0.356 0.16899999999999998 0.36424999999999996 0.16933333333333334 0.37025 0.182 0.396 0.18566666666666667 0.39775 0.18566666666666667 0.394 0.18033333333333332 0.385 0.17266666666666666 0.365 0.17433333333333334 0.3575 0.18233333333333335 0.345 0.183 0.33825 0.17766666666666667 0.335 0.15866666666666665 0.328 0.157 0.328 0.157 0.3315 0.16333333333333333 0.33299999999999996 0.17266666666666666 0.337
0 0.651 0.34349999999999997 0.6573333333333333 0.34025 0.6689999999999999 0.33675 0.6829999999999999 0.33575000000000005 0.6990000000000001 0.33875 0.7133333333333334 0.34450000000000003 0.7183333333333333 0.34525 0.719 0.342 0.7106666666666667 0.33799999999999997 0.7036666666666667 0.335 0.6886666666666668 0.33125 0.6736666666666666 0.33125 0.6646666666666667 0.33299999999999996 0.6549999999999999 0.33775 0.6483333333333333 0.33775 0.6423333333333333 0.32899999999999996 0.6403333333333334 0.32375000000000004 0.637 0.322 0.637 0.328 0.6456666666666666 0.34175 0.6473333333333334 0.34275000000000005 0.651 0.34349999999999997
0 0.5676666666666667 0.29275 0.5813333333333334 0.29 0.606 0.27825 0.6126666666666667 0.27925 0.6263333333333334 0.28750000000000003 0.6303333333333333 0.28675 0.631 0.28275 0.6196666666666667 0.276 0.6083333333333334 0.2725 0.5993333333333333 0.276 0.5910000000000001 0.28099999999999997 0.5846666666666667 0.28250000000000003 0.5716666666666667 0.28775 0.5479999999999999 0.28600000000000003 0.5396666666666666 0.28600000000000003 0.5386666666666667 0.28675 0.5373333333333333 0.28975 0.5396666666666666 0.29125 0.5473333333333333 0.291 0.5676666666666667 0.29275
0 0.33566666666666667 0.2505 0.33166666666666667 0.25125000000000003 0.328 0.254 0.328 0.256 0.3313333333333333 0.2555 0.337 0.2515 0.33566666666666667 0.2505
0 0.349 0.23125 0.3496666666666667 0.2255 0.35566666666666663 0.21924999999999997 0.36766666666666664 0.21375 0.38366666666666666 0.20350000000000001 0.38733333333333336 0.20024999999999998 0.387 0.198 0.38366666666666666 0.19825 0.36266666666666664 0.21125000000000002 0.356 0.21375 0.34800000000000003 0.22025 0.3453333333333333 0.22425 0.3453333333333333 0.23650000000000002 0.349 0.24425000000000002 0.35100000000000003 0.24150000000000002 0.349 0.23125
0 0.5026666666666666 0.457 0.5113333333333333 0.46 0.5183333333333333 0.46075000000000005 0.5336666666666667 0.46125 0.5393333333333333 0.4605 0.558 0.4535 0.5720000000000001 0.446 0.571 0.445 0.5673333333333334 0.445 0.5616666666666666 0.4485 0.5563333333333333 0.4495 0.545 0.45425 0.5343333333333333 0.4565 0.515 0.45575 0.5056666666666667 0.453 0.498 0.45225000000000004 0.49466666666666664 0.45425 0.48633333333333334 0.46499999999999997 0.48333333333333334 0.46675 0.48133333333333334 0.4705 0.48433333333333334 0.47100000000000003 0.49533333333333335 0.45875 0.5026666666666666 0.457
0 0.3456666666666667 0.453 0.3466666666666666 0.45175000000000004 0.3566666666666667 0.448 0.37533333333333335 0.4445 0.38166666666666665 0.44575 0.41133333333333333 0.45625 0.4136666666666667 0.45399999999999996 0.4136666666666667 0.453 0.4056666666666666 0.4495 0.3806666666666667 0.4415 0.36266666666666664 0.4425 0.349 0.44725 0.3446666666666666 0.4495 0.3426666666666667 0.452 0.3363333333333333 0.45125 0.327 0.448 0.32533333333333336 0.446 0.32 0.44475000000000003 0.318 0.4425 0.31566666666666665 0.4425 0.3173333333333333 0.4465 0.33099999999999996 0.453 0.33666666666666667 0.45449999999999996 0.3456666666666667 0.453
0 0.47800000000000004 0.62275 0.47600000000000003 0.63175 0.4723333333333333 0.6405000000000001 0.4736666666666667 0.64425 0.47733333333333333 0.639 0.48133333333333334 0.62525 0.48133333333333334 0.6094999999999999 0.4746666666666667 0.5957499999999999 0.4683333333333333 0.5895 0.4683333333333333 0.58666675 0.47 0.58325 0.48066666666666663 0.578 0.482 0.57575 0.48633333333333334 0.57425 0.48433333333333334 0.573 0.48066666666666663 0.5745 0.48033333333333333 0.576 0.47433333333333333 0.578 0.4633333333333333 0.5842499999999999 0.4633333333333333 0.58775 0.47600000000000003 0.60675 0.47800000000000004 0.6162500000000001 0.47800000000000004 0.62275
0 0.3923333333333333 0.59375 0.396 0.59625 0.40599999999999997 0.59925 0.429 0.6005 0.435 0.6022500000000001 0.43733333333333335 0.6055 0.43866666666666665 0.61875 0.439 0.6195 0.4423333333333333 0.6195 0.44266666666666665 0.6145 0.439 0.5982500000000001 0.43233333333333335 0.5964999999999999 0.415 0.59625 0.39699999999999996 0.593 0.38566666666666666 0.58575 0.36966666666666664 0.57325 0.368 0.5745 0.3693333333333333 0.57775 0.38733333333333336 0.59225 0.3923333333333333 0.59375
0 0.4666666666666667 0.4075 0.4643333333333334 0.41000000000000003 0.4593333333333333 0.41125 0.45733333333333337 0.41325 0.45333333333333337 0.41475 0.45066666666666666 0.418 0.4563333333333333 0.429 0.46299999999999997 0.436 0.4643333333333334 0.43575 0.46366666666666667 0.432 0.46099999999999997 0.4305 0.46 0.4275 0.455 0.42250000000000004 0.4556666666666667 0.41825 0.45799999999999996 0.416 0.47333333333333333 0.40850000000000003 0.481 0.40199999999999997 0.48433333333333334 0.3975 0.4853333333333333 0.39425 0.48433333333333334 0.37074999999999997 0.481 0.3725 0.48133333333333334 0.38965625000000004 0.47933333333333333 0.39775 0.4703333333333333 0.40599999999999997 0.4666666666666667 0.4075
0 0.427 0.41025 0.436 0.40325 0.44466666666666665 0.4 0.4556666666666667 0.39825000000000005 0.4633333333333333 0.39549999999999996 0.4673333333333333 0.38525 0.46900000000000003 0.377 0.4676666666666667 0.37525000000000003 0.4656666666666667 0.3765 0.46066666666666667 0.39175 0.44266666666666665 0.396 0.432 0.40075 0.42133333333333334 0.41074999999999995 0.4043333333333333 0.42950000000000005 0.4033333333333334 0.43174999999999997 0.4043333333333333 0.43300000000000005 0.4076666666666667 0.4315 0.427 0.41025
0 0.49666666666666665 0.2695 0.5163333333333333 0.27 0.5333333333333333 0.2735 0.5396666666666666 0.27375 0.558 0.2625 0.5606666666666666 0.2585 0.5569999999999999 0.258 0.5436666666666666 0.2665 0.5396666666666666 0.26775 0.5346666666666666 0.26775 0.5276666666666666 0.2645 0.519 0.2625 0.5026666666666666 0.262 0.48766666666666664 0.26475 0.466 0.271 0.464 0.2725 0.466 0.27499999999999997 0.48233333333333334 0.27125 0.49666666666666665 0.2695