0 0.24833333333333332 0.27025 0.25466666666666665 0.2725 0.262 0.27275 0.269 0.268 0.279 0.2585 0.2793333333333333 0.255 0.276 0.256 0.26566666666666666 0.26575 0.26133333333333336 0.26775 0.25566666666666665 0.268 0.242 0.26425000000000004 0.223 0.263 0.20933333333333334 0.26825 0.19233333333333333 0.27875 0.192 0.283 0.21333333333333332 0.271 0.22699999999999998 0.26725 0.24833333333333332 0.27025
0 0.48233333333333334 0.28975 0.488 0.287 0.49466666666666664 0.28125 0.49900000000000005 0.2755 0.5026666666666666 0.2675 0.511 0.264 0.526 0.2625 0.527 0.262 0.5266666666666667 0.25875 0.5193333333333333 0.2605 0.5023333333333334 0.262 0.498 0.26699999999999996 0.49333333333333335 0.277 0.49033333333333334 0.2805 0.47733333333333333 0.28775 0.4493333333333333 0.28975 0.44966666666666666 0.2935 0.4563333333333333 0.29275 0.46366666666666667 0.29325 0.48233333333333334 0.28975
0 0.632 0.31275000000000003 0.6316666666666667 0.32525000000000004 0.6336666666666667 0.32775 0.6363333333333334 0.32475 0.6356666666666667 0.31 0.6336666666666667 0.302 0.6263333333333334 0.2925 0.6103333333333333 0.279 0.612 0.27375 0.621 0.2655 0.6203333333333333 0.26375 0.6163333333333333 0.26575 0.6056666666666667 0.27649999999999997 0.6053333333333334 0.2805 0.6166666666666666 0.289 0.6283333333333333 0.30124999999999996 0.632 0.31275000000000003
0 0.167 0.36125 0.17666666666666664 0.34800000000000003 0.18533333333333332 0.34299999999999997 0.199 0.33949999999999997 0.20666666666666667 0.3355 0.20299999999999999 0.31699999999999995 0.19933333333333333 0.31725 0.2016666666666667 0.33175 0.19433333333333333 0.33599999999999997 0.182 0.33925000000000005 0.17166666666666666 0.34625 0.16533333333333336 0.35575 0.16066666666666668 0.36625 0.16 0.37274999999999997 0.158 0.377 0.16133333333333333 0.37875000000000003 0.167 0.36125
0 0.20933333333333334 0.34425 0.2063333333333333 0.34600000000000003 0.20299999999999999 0.3455 0.19233333333333333 0.34875 0.20466666666666666 0.34975 0.22033333333333333 0.34925 0.23399999999999999 0.34600000000000003 0.24066666666666667 0.3425 0.25533333333333336 0.33 0.25966666666666666 0.32825 0.27366666666666667 0.33325 0.2793333333333333 0.33325 0.283 0.3315 0.2783333333333333 0.328 0.26566666666666666 0.3235 0.261 0.3225 0.25533333333333336 0.3235 0.24633333333333332 0.33249999999999996 0.23066666666666666 0.342 0.22366666666666665 0.34375 0.20933333333333334 0.34425
0 0.27066666666666667 0.3845 0.27366666666666667 0.3875 0.2793333333333333 0.4035 0.28600000000000003 0.41125 0.29666666666666663 0.41900000000000004 0.314 0.42824999999999996 0.31766666666666665 0.42875 0.3173333333333333 0.42525 0.295 0.41325 0.28833333333333333 0.408 0.2803333333333333 0.39575 0.2763333333333333 0.3835 0.2723333333333333 0.38025 0.26966666666666667 0.38175 0.24733333333333332 0.38275000000000003 0.24533333333333332 0.3835 0.24733333333333332 0.385 0.264 0.38375 0.27066666666666667 0.3845
0 0.22 0.40125 0.23366666666666666 0.41225 0.245 0.416 0.25866666666666666 0.41725 0.26233333333333336 0.42175 0.26233333333333336 0.4325 0.2653333333333333 0.43524999999999997 0.2673333333333333 0.43225 0.26566666666666666 0.41424999999999995 0.262 0.413 0.24533333333333332 0.41125 0.23333333333333334 0.40625 0.222 0.39675 0.21833333333333332 0.39199999999999996 0.21366666666666667 0.381 0.21 0.37875000000000003 0.20866666666666667 0.37975 0.209 0.38375 0.21266666666666667 0.39149999999999996 0.22 0.40125
0 0.5376666666666666 0.48975 0.5333333333333333 0.49125 0.5313333333333333 0.4935 0.5286666666666666 0.4945 0.529 0.49774999999999997 0.5476666666666667 0.48775 0.5503333333333333 0.48500000000000004 0.5513333333333333 0.466 0.5553333333333333 0.45749999999999996 0.5813333333333334 0.439 0.581 0.43775000000000003 0.5776666666666667 0.4375 0.5626666666666666 0.44825000000000004 0.5593333333333333 0.4495 0.5546666666666668 0.453 0.5496666666666666 0.45949999999999996 0.5466666666666666 0.46799999999999997 0.5463333333333333 0.47800000000000004 0.5443333333333333 0.48475 0.5376666666666666 0.48975
0 0.428 0.6277499999999999 0.4116666666666667 0.62975 0.4076666666666667 0.6335000000000001 0.4086666666666667 0.635 0.4116666666666667 0.6355 0.4263333333333333 0.6335000000000001 0.43666666666666665 0.63 0.43833333333333335 0.62725 0.43833333333333335 0.61075 0.44 0.60425 0.4486666666666667 0.5910000000000001 0.4603333333333333 0.578 0.462 0.5745 0.46066666666666667 0.5735 0.4563333333333333 0.57575 0.445 0.5882499999999999 0.434 0.6055 0.43233333333333335 0.62475 0.43033333333333335 0.6269999999999999 0.428 0.6277499999999999
0 0.3076666666666667 0.64425 0.3173333333333333 0.6405000000000001 0.319 0.63875 0.3353333333333333 0.63425 0.3406666666666667 0.63175 0.3533333333333333 0.631 0.36266666666666664 0.6325000000000001 0.37666666666666665 0.633 0.3833333333333333 0.63 0.3736666666666667 0.6275 0.345 0.62575 0.33799999999999997 0.62875 0.328 0.631 0.30666666666666664 0.63925 0.30366666666666664 0.63825 0.29233333333333333 0.63025 0.289 0.629 0.2856666666666667 0.62925 0.2856666666666667 0.6335000000000001 0.30033333333333334 0.6435000000000001 0.3033333333333333 0.64425 0.3076666666666667 0.64425
0 0.295 0.5 0.305 0.49924999999999997 0.32833333333333337 0.5115 0.3416666666666667 0.514 0.36766666666666664 0.5155 0.37666666666666665 0.5145000000000001 0.38 0.512 0.341 0.51025 0.3223333333333333 0.504 0.307 0.49475 0.28099999999999997 0.501 0.27999999999999997 0.502 0.28400000000000003 0.50325 0.29233333333333333 0.50175 0.295 0.5
0 0.33099999999999996 0.32125 0.3443333333333334 0.3185 0.349 0.319 0.3533333333333333 0.32425 0.35566666666666663 0.33299999999999996 0.35933333333333334 0.3335 0.36266666666666664 0.332 0.3616666666666667 0.328 0.3566666666666667 0.32075 0.349 0.31325000000000003 0.3306666666666667 0.31625000000000003 0.318 0.31575 0.303 0.30925 0.28633333333333333 0.29575 0.2826666666666667 0.29625 0.28400000000000003 0.30025 0.304 0.315 0.3236666666666667 0.32125 0.33099999999999996 0.32125
0 0.751 0.50075 0.754 0.504 0.762 0.52325 0.7693333333333333 0.5295 0.7863333333333334 0.53975 0.7933333333333334 0.5405 0.7933333333333334 0.53925 0.7893333333333333 0.5365 0.7743333333333333 0.52825 0.7656666666666666 0.5205 0.7606666666666667 0.51175 0.7586666666666667 0.50175 0.7556666666666666 0.49725 0.7340000000000001 0.49675 0.7306666666666667 0.4975 0.7303333333333334 0.49875 0.7323333333333333 0.4995 0.7426666666666667 0.4995 0.751 0.50075