0 0.5113333333333333 0.272 0.512 0.27475 0.515 0.2725 0.517 0.26575 0.519 0.2655 0.513 0.2645 0.51 0.265 0.49900000000000005 0.262 0.49466666666666664 0.262 0.49566666666666664 0.26575 0.5076666666666667 0.26825 0.5113333333333333 0.272
0 0.46 0.2845 0.4726666666666667 0.28275 0.47433333333333333 0.28099999999999997 0.4783333333333333 0.27999999999999997 0.48500000000000004 0.27575 0.48766666666666664 0.2725 0.48766666666666664 0.27025 0.4673333333333333 0.27999999999999997 0.451 0.28275 0.46 0.2845
0 0.5313333333333333 0.52325 0.5316666666666667 0.5295 0.538 0.5409999999999999 0.54 0.54275 0.543 0.54325 0.5433333333333333 0.54 0.5409999999999999 0.5375 0.536 0.525 0.543 0.508 0.5436666666666666 0.494 0.5363333333333333 0.47125 0.5326666666666666 0.4705 0.532 0.47300000000000003 0.5376666666666666 0.49074999999999996 0.5383333333333333 0.498 0.5373333333333333 0.509 0.5313333333333333 0.52325
0 0.6126666666666667 0.53125 0.6160000000000001 0.52975 0.6243333333333333 0.5135 0.6313333333333333 0.50575 0.64 0.4995 0.6503333333333333 0.49475 0.6613333333333334 0.4875 0.6579999999999999 0.48625 0.654 0.48775 0.6523333333333333 0.4895 0.6403333333333334 0.4945 0.6256666666666667 0.50375 0.6216666666666667 0.50825 0.615 0.52275 0.6126666666666667 0.5255 0.6056666666666667 0.5255 0.5933333333333333 0.52325 0.59 0.525 0.589 0.526 0.5906666666666667 0.527 0.6023333333333334 0.5307499999999999 0.6126666666666667 0.53125
0 0.505 0.32025000000000003 0.5033333333333333 0.31825000000000003 0.5033333333333333 0.31349999999999995 0.5 0.2995 0.5033333333333333 0.29075 0.505 0.289 0.5073333333333333 0.28875 0.5166666666666666 0.29425 0.5323333333333333 0.30874999999999997 0.54 0.314 0.5506666666666666 0.31625000000000003 0.5680000000000001 0.316 0.5726666666666667 0.31875 0.5743333333333334 0.32125 0.5836666666666667 0.3285 0.5853333333333334 0.32899999999999996 0.5873333333333334 0.328 0.5866666666666667 0.32425 0.5713333333333334 0.3105 0.5573333333333333 0.31 0.5536666666666666 0.31075 0.5453333333333333 0.30925 0.509 0.27999999999999997 0.5016666666666667 0.28575 0.498 0.293 0.49733333333333335 0.297 0.49733333333333335 0.3065 0.5016666666666667 0.3225 0.505 0.32275 0.505 0.32025000000000003
0 0.373 0.58275 0.37666666666666665 0.5792499999999999 0.378 0.576 0.3806666666666667 0.5745 0.38166666666666665 0.57125 0.38033333333333336 0.571 0.37933333333333336 0.573 0.3763333333333333 0.5745 0.3756666666666667 0.5770000000000001 0.37066666666666664 0.5815 0.37166666666666665 0.58275 0.373 0.58275
0 0.368 0.61825 0.3646666666666667 0.6195 0.35733333333333334 0.6255000000000001 0.3546666666666667 0.6265000000000001 0.35433333333333333 0.6277499999999999 0.3443333333333334 0.6335000000000001 0.342 0.63725 0.3436666666666667 0.63625 0.3453333333333333 0.637 0.37 0.6195 0.37133333333333335 0.61725 0.373 0.6167499999999999 0.37666666666666665 0.6104999999999999 0.37733333333333335 0.6 0.3763333333333333 0.5975 0.37033333333333335 0.5912499999999999 0.36966666666666664 0.58325 0.366 0.585 0.364 0.5885 0.36566666666666664 0.592 0.3743333333333333 0.6020000000000001 0.37133333333333335 0.61375 0.368 0.61825
0 0.2843333333333333 0.596 0.28633333333333333 0.6034999999999999 0.29 0.608 0.31433333333333335 0.6085 0.318 0.6075 0.319 0.60575 0.31766666666666665 0.605 0.29633333333333334 0.60425 0.29200000000000004 0.6027499999999999 0.28633333333333333 0.58775 0.278 0.578 0.2733333333333333 0.5745 0.259 0.5675 0.25166666666666665 0.56575 0.24433333333333335 0.5619999999999999 0.24133333333333334 0.5615 0.23966666666666667 0.56275 0.23900000000000002 0.56425 0.26233333333333336 0.5735 0.2776666666666667 0.5835 0.2843333333333333 0.596
0 0.5636666666666666 0.6092500000000001 0.5650000000000001 0.608 0.573 0.60575 0.5763333333333334 0.5945 0.5846666666666667 0.58025 0.604 0.56575 0.613 0.56075 0.6126666666666667 0.55825 0.6090000000000001 0.559 0.6003333333333333 0.564 0.5813333333333334 0.57775 0.5746666666666667 0.58875 0.5693333333333334 0.603 0.5613333333333334 0.60575 0.5586666666666666 0.60775 0.5493333333333333 0.6092500000000001 0.547 0.612 0.5466666666666666 0.613 0.5499999999999999 0.6134999999999999 0.5549999999999999 0.611 0.5636666666666666 0.6092500000000001
0 0.6476666666666666 0.56925 0.6633333333333333 0.55925 0.6763333333333333 0.5535 0.6846666666666666 0.5515 0.7076666666666667 0.55125 0.7133333333333334 0.54975 0.711 0.5479999999999999 0.707 0.54725 0.6786666666666668 0.54825 0.6566666666666667 0.55875 0.6526666666666666 0.5597500000000001 0.6483333333333333 0.564 0.6466666666666667 0.56425 0.6409999999999999 0.5625 0.6313333333333333 0.5569999999999999 0.6266666666666667 0.55675 0.6286666666666667 0.5605 0.6343333333333333 0.56275 0.6406666666666666 0.5680000000000001 0.6476666666666666 0.56925
0 0.335 0.657 0.33799999999999997 0.65125 0.3416666666666667 0.64975 0.3486666666666667 0.65025 0.36266666666666664 0.6485 0.379 0.644 0.39566666666666667 0.63175 0.405 0.6267499999999999 0.40599999999999997 0.6232500000000001 0.4043333333333333 0.6230000000000001 0.4003333333333333 0.62525 0.379 0.63925 0.3496666666666667 0.64625 0.342 0.64575 0.335 0.6475000000000001 0.33166666666666667 0.651 0.3313333333333333 0.65375 0.3306666666666667 0.6685 0.332 0.6695 0.33466666666666667 0.66575 0.335 0.657
0 0.3506666666666667 0.6892499999999999 0.3466666666666666 0.69225 0.3473333333333333 0.6932499999999999 0.35233333333333333 0.693 0.363 0.6894999999999999 0.37466666666666665 0.68225 0.3903333333333333 0.6677500000000001 0.39199999999999996 0.66325 0.393 0.653 0.3966666666666667 0.64825 0.401 0.6465000000000001 0.41633333333333333 0.64425 0.41733333333333333 0.64375 0.41733333333333333 0.6405000000000001 0.3953333333333333 0.644 0.3896666666666667 0.6465000000000001 0.388 0.66175 0.38299999999999995 0.6695 0.36700000000000005 0.68325 0.3506666666666667 0.6892499999999999
0 0.22166666666666668 0.34750000000000003 0.22666666666666668 0.35524999999999995 0.231 0.3725 0.23433333333333334 0.37400000000000005 0.23399999999999999 0.36275 0.23066666666666666 0.35425 0.22433333333333336 0.34375 0.20966666666666664 0.3315 0.19966666666666666 0.326 0.2 0.319 0.20600000000000002 0.307 0.20299999999999999 0.30674999999999997 0.192 0.321 0.19066666666666665 0.3245 0.19233333333333333 0.32775 0.21 0.337 0.22166666666666668 0.34750000000000003
0 0.19599999999999998 0.215 0.21 0.20575 0.222 0.20099999999999998 0.23766666666666666 0.19849999999999998 0.26366666666666666 0.19749999999999998 0.268 0.19599999999999998 0.26566666666666666 0.1925 0.231 0.19475 0.21300000000000002 0.19949999999999998 0.193 0.21 0.18433333333333335 0.2075 0.17366666666666666 0.2025 0.1696666666666667 0.2025 0.16833333333333333 0.20299999999999999 0.17166666666666666 0.2065 0.189 0.214 0.19599999999999998 0.215
0 0.20199999999999999 0.4635 0.20099999999999998 0.46 0.198 0.45749999999999996 0.18833333333333332 0.44199999999999995 0.18700000000000003 0.4315 0.19066666666666665 0.4245 0.19966666666666666 0.4165 0.20299999999999999 0.415 0.20500000000000002 0.411 0.20366666666666666 0.408 0.19633333333333333 0.401 0.19333333333333333 0.3995 0.19266666666666665 0.3975 0.189 0.39549999999999996 0.18733333333333332 0.3975 0.19233333333333333 0.403 0.19866666666666666 0.40700000000000003 0.20033333333333334 0.411 0.19833333333333336 0.41400000000000003 0.185 0.4245 0.183 0.4285 0.183 0.44025 0.18533333333333332 0.44625 0.19933333333333333 0.464 0.20199999999999999 0.4635
0 0.20866666666666667 0.6789999999999999 0.22533333333333333 0.68125 0.23133333333333336 0.684 0.2323333333333333 0.68525 0.23066666666666666 0.7032499999999999 0.23399999999999999 0.7027500000000001 0.237 0.6817500000000001 0.23366666666666666 0.6789999999999999 0.21266666666666667 0.67525 0.20066666666666666 0.6695 0.19733333333333333 0.66625 0.18700000000000003 0.6405000000000001 0.18566666666666667 0.6395000000000001 0.18433333333333335 0.64 0.18533333333333332 0.6479999999999999 0.19233333333333333 0.6659999999999999 0.20199999999999999 0.67525 0.20866666666666667 0.6789999999999999
0 0.16666666666666666 0.5235 0.15433333333333332 0.52925 0.15266666666666667 0.53125 0.14733333333333334 0.53275 0.14633333333333334 0.535 0.144 0.53625 0.14766666666666667 0.5365 0.14833333333333332 0.53525 0.156 0.53275 0.17066666666666666 0.52525 0.17200000000000001 0.5225 0.1686666666666667 0.51325 0.1686666666666667 0.501 0.17066666666666666 0.49550000000000005 0.17433333333333334 0.49074999999999996 0.181 0.4855 0.19033333333333335 0.481 0.192 0.479 0.19866666666666666 0.47725 0.20133333333333334 0.47375 0.19966666666666666 0.47275 0.19666666666666666 0.47324999999999995 0.19366666666666668 0.47575 0.182 0.48024999999999995 0.17166666666666666 0.48825 0.167 0.494 0.164 0.50175 0.16433333333333333 0.51225 0.167 0.51625 0.16666666666666666 0.5235
0 0.6926666666666668 0.23900000000000002 0.7153333333333334 0.23475000000000001 0.7253333333333333 0.23550000000000001 0.7383333333333333 0.24025 0.7513333333333334 0.24825 0.755 0.24875 0.756 0.248 0.757 0.24475 0.7556666666666666 0.24375 0.739 0.23375 0.731 0.23049999999999998 0.7243333333333333 0.22874999999999998 0.7163333333333334 0.2285 0.697 0.23249999999999998 0.6920000000000001 0.22974999999999998 0.6876666666666666 0.2205 0.6856666666666668 0.21924999999999997 0.682 0.2195 0.6813333333333333 0.2215 0.6826666666666666 0.22624999999999998 0.6896666666666667 0.23800000000000002 0.6926666666666668 0.23900000000000002
0 0.5356666666666666 0.22225 0.5499999999999999 0.22449999999999998 0.5636666666666666 0.22075 0.570889 0.22 0.5750000000000001 0.22099999999999997 0.585 0.23125 0.5883333333333334 0.23175 0.589 0.231 0.5883333333333334 0.226 0.5770000000000001 0.2135 0.571 0.21325 0.5493333333333333 0.21825000000000003 0.543 0.21725 0.529 0.21225 0.512 0.20425000000000001 0.5083333333333333 0.20500000000000002 0.508 0.20725 0.511 0.21050000000000002 0.5233333333333333 0.21725 0.5356666666666666 0.22225