0 0.3263333333333333 0.50525 0.32866666666666666 0.50075 0.328 0.5 0.3223333333333333 0.5045 0.30733333333333335 0.504 0.30366666666666664 0.5027499999999999 0.29666666666666663 0.5045 0.29633333333333334 0.50525 0.29833333333333334 0.506 0.321 0.5085 0.3263333333333333 0.50525
0 0.35500000000000004 0.48524999999999996 0.3646666666666667 0.48225 0.377 0.48075 0.38733333333333336 0.47800000000000004 0.38866666666666666 0.47725 0.388 0.47600000000000003 0.38666666666666666 0.475 0.3693333333333333 0.4775 0.3646666666666667 0.47950000000000004 0.3576666666666667 0.48075 0.3546666666666667 0.4825 0.34933333333333333 0.48325 0.3416666666666667 0.4875 0.3396666666666666 0.48975 0.3353333333333333 0.49125 0.332 0.49475 0.3293333333333333 0.498 0.33033333333333337 0.4995 0.33999999999999997 0.49224999999999997 0.35500000000000004 0.48524999999999996
0 0.5453333333333333 0.46625 0.551 0.46075000000000005 0.559 0.45525 0.574 0.45125 0.5883333333333334 0.4495 0.5956666666666666 0.44775 0.5983333333333334 0.446 0.5950000000000001 0.44425 0.5623333333333334 0.44925 0.5549999999999999 0.45249999999999996 0.5466666666666666 0.45875 0.5376666666666666 0.47100000000000003 0.515 0.474 0.512 0.47775 0.5233333333333333 0.4775 0.5396666666666666 0.47450000000000003 0.5453333333333333 0.46625
0 0.4353333333333333 0.6115 0.44199999999999995 0.611 0.4443333333333333 0.6097499999999999 0.446 0.6085 0.45066666666666666 0.59475 0.45533333333333337 0.58725 0.46799999999999997 0.5770000000000001 0.4886666666666667 0.564 0.48766666666666664 0.561 0.4703333333333333 0.5705 0.4556666666666667 0.5815 0.4493333333333333 0.58875 0.44133333333333336 0.6064999999999999 0.423 0.60425 0.41833333333333333 0.605 0.4123333333333333 0.6092500000000001 0.413 0.6097499999999999 0.41633333333333333 0.61075 0.4353333333333333 0.6115
0 0.31766666666666665 0.606 0.36133333333333334 0.60675 0.38666666666666666 0.61975 0.39166666666666666 0.61975 0.39066666666666666 0.61575 0.3863333333333333 0.6145 0.363 0.6022500000000001 0.3426666666666667 0.60075 0.32416666666666666 0.6012500000000001 0.31866666666666665 0.5994999999999999 0.31066666666666665 0.585 0.3076666666666667 0.58675 0.3083333333333333 0.5925 0.311 0.5952500000000001 0.314 0.6027499999999999 0.31766666666666665 0.606
0 0.619 0.30174999999999996 0.63 0.30800000000000005 0.6333333333333334 0.30800000000000005 0.6526666666666666 0.30375 0.656 0.30025 0.6543333333333334 0.2995 0.6506666666666667 0.3 0.6333333333333334 0.30450000000000005 0.6263333333333334 0.302 0.62 0.29675 0.6146666666666667 0.29675 0.598 0.3 0.5906666666666667 0.30324999999999996 0.5733333333333334 0.31699999999999995 0.5743333333333334 0.32049999999999995 0.594 0.306 0.6056666666666667 0.3025 0.619 0.30174999999999996
0 0.6789999999999999 0.25175 0.681 0.2565 0.6883333333333334 0.26525 0.694 0.2695 0.7160000000000001 0.27775 0.7206666666666666 0.27849999999999997 0.7236666666666667 0.277 0.7236666666666667 0.27525 0.7006666666666667 0.26675 0.694 0.262 0.6903333333333334 0.25725000000000003 0.6873333333333334 0.24825 0.6876666666666666 0.24125 0.6863333333333332 0.23725000000000002 0.675 0.23399999999999999 0.6613333333333334 0.23375 0.6619999999999999 0.23775 0.6723333333333333 0.24000000000000002 0.678 0.24325 0.6789999999999999 0.25175
0 0.5046666666666666 0.2505 0.5116666666666666 0.2585 0.517 0.262 0.523 0.2655 0.5363333333333333 0.269 0.5463333333333333 0.27025 0.5486666666666666 0.269 0.545 0.2655 0.5333333333333333 0.26375 0.5233333333333333 0.2605 0.5136666666666666 0.25375000000000003 0.506 0.23800000000000002 0.505 0.23074999999999998 0.5036666666666667 0.22974999999999998 0.48366666666666663 0.225 0.48066666666666663 0.225 0.48000000000000004 0.226 0.48066666666666663 0.22874999999999998 0.498 0.2335 0.5006666666666667 0.23800000000000002 0.5046666666666666 0.2505
0 0.5743333333333334 0.25175 0.5873333333333334 0.25225 0.6056666666666667 0.259 0.619 0.27649999999999997 0.6230000000000001 0.27675 0.6223333333333334 0.2725 0.607 0.25425 0.5910000000000001 0.248 0.5840000000000001 0.24675 0.5763333333333334 0.24725 0.569 0.24575 0.5656666666666667 0.23074999999999998 0.5643333333333334 0.23 0.5630000000000001 0.23074999999999998 0.564 0.24475 0.5650000000000001 0.248 0.5673333333333334 0.25 0.5743333333333334 0.25175
0 0.6292593333333334 0.24625 0.638 0.24725 0.6486666666666666 0.25025000000000003 0.6566666666666667 0.25375000000000003 0.6683333333333334 0.26175 0.6723333333333333 0.26175 0.6733333333333333 0.2585 0.6716666666666667 0.257 0.6546666666666666 0.24725 0.6446666666666666 0.24375 0.6263333333333334 0.24075000000000002 0.6163333333333333 0.24225 0.6103333333333333 0.24150000000000002 0.6073333333333333 0.23675 0.6056666666666667 0.22624999999999998 0.6026666666666666 0.22449999999999998 0.6020000000000001 0.225 0.6023333333333334 0.23775 0.606 0.245 0.6116666666666667 0.24675 0.6292593333333334 0.24625
0 0.786 0.34225 0.7936666666666666 0.34600000000000003 0.8130000000000001 0.3505 0.8156666666666667 0.35225 0.8170000000000001 0.35475 0.816 0.366 0.8173333333333334 0.36675 0.819 0.36625 0.8213333333333332 0.3625 0.8203333333333334 0.34875 0.8106666666666668 0.34525 0.7973333333333333 0.34299999999999997 0.7899999999999999 0.33949999999999997 0.7813333333333333 0.33275 0.769 0.318 0.767 0.3175 0.7653333333333334 0.3175 0.7653333333333334 0.32125 0.774 0.3315 0.786 0.34225
0 0.24133333333333334 0.2595 0.24733333333333332 0.24375 0.25433333333333336 0.23525 0.25733333333333336 0.23324999999999999 0.26866666666666666 0.2295 0.28633333333333333 0.22525 0.288 0.22375 0.2866666666666667 0.222 0.27366666666666667 0.22375 0.2513333333333333 0.23049999999999998 0.243 0.24225 0.23800000000000002 0.25525 0.23333333333333334 0.25825 0.21300000000000002 0.26025 0.21166666666666667 0.262 0.21366666666666667 0.2635 0.23900000000000002 0.26175 0.24133333333333334 0.2595
0 0.2723333333333333 0.27175 0.27266666666666667 0.26225 0.27399999999999997 0.2585 0.2786666666666667 0.2535 0.29133333333333333 0.24675 0.31333333333333335 0.24125 0.31633333333333336 0.23775 0.314 0.237 0.3103333333333333 0.2375 0.29433333333333334 0.24125 0.2796666666666667 0.247 0.272 0.25375000000000003 0.26866666666666666 0.259 0.26766666666666666 0.26925 0.26566666666666666 0.27175 0.25866666666666666 0.27325 0.25633333333333336 0.2725 0.24366666666666667 0.27275 0.242 0.276 0.24433333333333335 0.277 0.26933333333333337 0.276 0.2723333333333333 0.27175
0 0.4543333333333333 0.245 0.44899999999999995 0.25825 0.44899999999999995 0.2625 0.453 0.26975 0.45966666666666667 0.276 0.466 0.27999999999999997 0.4776666666666667 0.28675 0.48066666666666663 0.28775 0.482 0.28725 0.48300000000000004 0.28600000000000003 0.48133333333333334 0.283 0.466 0.2745 0.4603333333333333 0.27049999999999996 0.45533333333333337 0.265 0.45366666666666666 0.256 0.45766666666666667 0.2445 0.45733333333333337 0.24025 0.447 0.23424999999999999 0.439 0.23149999999999998 0.43666666666666665 0.23175 0.43566666666666665 0.23450000000000001 0.4423333333333333 0.23825000000000002 0.45 0.24025 0.4543333333333333 0.245
0 0.37466666666666665 0.34275000000000005 0.3736666666666667 0.35650000000000004 0.384 0.36000000000000004 0.401 0.36325 0.4003333333333333 0.35925 0.38233333333333336 0.35425 0.38 0.35075 0.37933333333333336 0.33799999999999997 0.3763333333333333 0.32675000000000004 0.37166666666666665 0.32125 0.359 0.3105 0.35233333333333333 0.30575 0.349 0.30524999999999997 0.34800000000000003 0.3065 0.35033333333333333 0.311 0.36633333333333334 0.32475 0.37266666666666665 0.33449999999999996 0.37466666666666665 0.34275000000000005
0 0.2383333333333333 0.37525000000000003 0.25333333333333335 0.38649999999999995 0.25733333333333336 0.39575 0.258 0.40475 0.2603333333333333 0.40775 0.283 0.41025 0.2866666666666667 0.40975 0.288 0.40775 0.28633333333333333 0.40700000000000003 0.26966666666666667 0.40599999999999997 0.26333333333333336 0.40325 0.2593333333333333 0.387 0.253 0.38025 0.24333333333333335 0.373 0.22766666666666668 0.36625 0.217 0.36350000000000005 0.215 0.365 0.21466666666666667 0.36625 0.216 0.36724999999999997 0.222 0.36825 0.2383333333333333 0.37525000000000003