0 0.527 0.49550000000000005 0.5273333333333333 0.48425 0.529 0.48125 0.5466666666666666 0.46950000000000003 0.5546666666666668 0.46025 0.5573333333333333 0.45325 0.5606666666666666 0.43275 0.5596666666666666 0.43125 0.5569999999999999 0.4305 0.5553333333333333 0.4325 0.551 0.457 0.5486666666666666 0.46075000000000005 0.5413333333333333 0.46825 0.525 0.47775 0.522 0.48475 0.522 0.497 0.5226666666666667 0.4985 0.5256666666666666 0.49900000000000005 0.527 0.49550000000000005
0 0.4486666666666667 0.6022500000000001 0.447 0.6075 0.443 0.60875 0.43566666666666665 0.615 0.434 0.6185 0.43166666666666664 0.6195 0.4333333333333333 0.62 0.43566666666666665 0.61975 0.4466666666666667 0.6125 0.455 0.60575 0.45599999999999996 0.6022500000000001 0.4396666666666667 0.5842499999999999 0.437 0.5755 0.4353333333333333 0.54825 0.43233333333333335 0.5475 0.431 0.55025 0.43133333333333335 0.57425 0.43366666666666664 0.58475 0.4423333333333333 0.5964999999999999 0.4486666666666667 0.6022500000000001
0 0.33366666666666667 0.644 0.35366666666666663 0.6164999999999999 0.36266666666666664 0.61025 0.3833333333333333 0.6022500000000001 0.387 0.6 0.38733333333333336 0.598 0.3813333333333333 0.59875 0.37166666666666665 0.6022500000000001 0.3526666666666667 0.61075 0.341 0.62475 0.33299999999999996 0.6377499999999999 0.33033333333333337 0.63925 0.32766666666666666 0.6402500000000001 0.321 0.6385 0.307 0.63875 0.3033333333333333 0.6409999999999999 0.30233333333333334 0.644 0.30366666666666664 0.645 0.32666666666666666 0.64525 0.33366666666666667 0.644
0 0.637 0.22874999999999998 0.643 0.2285 0.647 0.23074999999999998 0.6473333333333334 0.23424999999999999 0.653 0.236 0.657 0.2385 0.6676666666666667 0.24150000000000002 0.684 0.24150000000000002 0.698 0.23775 0.6990000000000001 0.23575 0.7060000000000001 0.23424999999999999 0.7030000000000001 0.233 0.6993333333333334 0.23424999999999999 0.6960000000000001 0.23399999999999999 0.693 0.23575 0.682 0.23725000000000002 0.668 0.23625000000000002 0.6596666666666666 0.2335 0.6526666666666666 0.22799999999999998 0.651 0.22525 0.6446666666666666 0.22175 0.637 0.2235 0.635 0.2255 0.6296666666666667 0.22724999999999998 0.6236666666666666 0.23074999999999998 0.6243333333333333 0.232 0.6266666666666667 0.23224999999999998 0.637 0.22874999999999998
0 0.7083333333333334 0.27775 0.7303333333333334 0.2835 0.7446666666666667 0.28375 0.7613333333333334 0.2795 0.7633333333333333 0.27775 0.77 0.276 0.771 0.2725 0.7686666666666667 0.27225 0.767 0.2735 0.745 0.27875 0.73925 0.27875 0.728 0.27725 0.7136666666666666 0.27225 0.7056666666666667 0.27175 0.7026666666666667 0.27325 0.698 0.278 0.6923333333333334 0.28850000000000003 0.6926666666666668 0.29025 0.6960000000000001 0.29 0.7033333333333333 0.27975 0.7083333333333334 0.27775
0 0.20500000000000002 0.25375000000000003 0.219 0.257 0.24166666666666667 0.26475 0.262 0.252 0.262 0.2485 0.2583333333333333 0.24875 0.242 0.25775 0.23733333333333334 0.2575 0.21266666666666667 0.24975 0.19933333333333333 0.24875 0.18133333333333332 0.25475000000000003 0.16833333333333333 0.26125 0.16833333333333333 0.2635 0.17166666666666666 0.264 0.19866666666666666 0.25425 0.20500000000000002 0.25375000000000003
0 0.22366666666666665 0.40125 0.23399999999999999 0.40325 0.24283333333333332 0.4035 0.25033333333333335 0.40650000000000003 0.254 0.4195 0.255 0.42100000000000004 0.258 0.42050000000000004 0.25866666666666666 0.41825 0.255 0.40399999999999997 0.253 0.401 0.24866666666666667 0.3995 0.23533333333333334 0.39925 0.21866666666666668 0.39349999999999996 0.20566666666666666 0.38425000000000004 0.19766666666666666 0.375 0.19599999999999998 0.37050000000000005 0.19266666666666665 0.36875 0.192 0.36924999999999997 0.19233333333333333 0.37325 0.19933333333333333 0.3835 0.20600000000000002 0.3905 0.22366666666666665 0.40125
0 0.256 0.36975 0.25966666666666666 0.373 0.261 0.37725000000000003 0.269 0.39075 0.2763333333333333 0.3975 0.2813333333333333 0.39925 0.2876666666666667 0.40249999999999997 0.28933333333333333 0.4045 0.30366666666666664 0.41125 0.307 0.4115 0.306 0.40775 0.288 0.39925 0.279 0.39325 0.268 0.38075000000000003 0.2653333333333333 0.37325 0.261 0.36625 0.259 0.36525 0.251 0.36525 0.2346666666666667 0.36700000000000005 0.2323333333333333 0.3685 0.23166666666666666 0.36975 0.23399999999999999 0.371 0.251 0.369 0.256 0.36975
0 0.753 0.46849999999999997 0.7566666666666667 0.4785 0.7633333333333333 0.487 0.7756666666666667 0.49550000000000005 0.7886666666666667 0.5015 0.7926666666666667 0.5025000000000001 0.7976666666666666 0.50175 0.7939999999999999 0.498 0.7886666666666667 0.49675 0.7683333333333334 0.48500000000000004 0.76 0.47450000000000003 0.7556666666666666 0.4635 0.7533333333333333 0.46149999999999997 0.7446666666666667 0.46125 0.7276666666666666 0.46325 0.7303333333333334 0.46575 0.74 0.46449999999999997 0.75 0.4655 0.753 0.46849999999999997
0 0.29200000000000004 0.49525 0.29666666666666663 0.49825 0.31433333333333335 0.497 0.3353333333333333 0.49974999999999997 0.36633333333333334 0.51375 0.36966666666666664 0.514 0.37133333333333335 0.51225 0.36566666666666664 0.5085 0.36066666666666664 0.507 0.3426666666666667 0.49825 0.3313333333333333 0.49475 0.30733333333333335 0.4935 0.30166666666666664 0.49424999999999997 0.29566666666666663 0.493 0.2826666666666667 0.48075 0.2793333333333333 0.48075 0.2803333333333333 0.48425 0.2843333333333333 0.48675 0.29200000000000004 0.49525
0 0.33566666666666667 0.3555 0.3383333333333333 0.36700000000000005 0.3403333333333333 0.37 0.34299999999999997 0.3715 0.3516666666666666 0.37175 0.35533333333333333 0.373 0.36766666666666664 0.37325 0.36633333333333334 0.36975 0.34800000000000003 0.36825 0.3433333333333333 0.36625 0.3393333333333334 0.349 0.3353333333333333 0.34175 0.3306666666666667 0.3375 0.314 0.327 0.304 0.32225 0.302 0.3225 0.30033333333333334 0.32475 0.323 0.33825 0.3313333333333333 0.34600000000000003 0.33566666666666667 0.3555
0 0.3526666666666667 0.42525 0.35 0.41375 0.35033333333333333 0.4035 0.35433333333333333 0.39775 0.35800000000000004 0.39499999999999996 0.373 0.39075 0.377 0.38825 0.379 0.36975 0.37666666666666665 0.3675 0.375 0.371 0.3743333333333333 0.38075000000000003 0.37266666666666665 0.38475 0.36966666666666664 0.38675 0.35833333333333334 0.3895 0.3533333333333333 0.39275 0.3486666666666667 0.39699999999999996 0.3453333333333333 0.40399999999999997 0.3453333333333333 0.41275 0.3486666666666667 0.43225 0.35233333333333333 0.43324999999999997 0.3526666666666667 0.42525
0 0.438 0.252 0.4423333333333333 0.24925 0.4473333333333333 0.245 0.451 0.23900000000000002 0.45599999999999996 0.22099999999999997 0.45966666666666667 0.219 0.4676666666666667 0.2175 0.4746666666666667 0.21425 0.47600000000000003 0.21325 0.47633333333333333 0.21 0.47 0.21025000000000002 0.4563333333333333 0.21625 0.45033333333333336 0.2175 0.44833333333333336 0.2205 0.447 0.23399999999999999 0.443 0.24125 0.43733333333333335 0.24575 0.43033333333333335 0.24925 0.4103333333333334 0.255 0.4103333333333334 0.25875 0.4156666666666667 0.2585 0.4283333333333333 0.2555 0.438 0.252
0 0.13699999999999998 0.6465000000000001 0.13733333333333334 0.64375 0.13133333333333333 0.63725 0.13 0.6337499999999999 0.12866666666666668 0.6335000000000001 0.12666666666666668 0.63025 0.12666666666666668 0.6277499999999999 0.129 0.6225 0.13366666666666666 0.61725 0.14066666666666666 0.606 0.144 0.59875 0.14600000000000002 0.589 0.14633333333333334 0.57175 0.1443333333333333 0.56875 0.14266666666666666 0.5700000000000001 0.14166666666666666 0.57425 0.14200000000000002 0.5865 0.1386666666666667 0.6015 0.12933333333333333 0.6167499999999999 0.12066666666666667 0.6267499999999999 0.12033333333333333 0.63 0.13 0.6425 0.13366666666666666 0.64625 0.13699999999999998 0.6465000000000001
0 0.17900000000000002 0.5795 0.19766666666666666 0.57275 0.208 0.57175 0.23433333333333334 0.5725 0.24600000000000002 0.56625 0.259 0.5615 0.25966666666666666 0.5597500000000001 0.2583333333333333 0.55825 0.25433333333333336 0.559 0.24033333333333332 0.5655 0.2346666666666667 0.567 0.2053333333333333 0.5675 0.192 0.56975 0.17933333333333332 0.5745 0.16199999999999998 0.58525 0.15933333333333333 0.5882499999999999 0.16133333333333333 0.58975 0.16466666666666666 0.58875 0.17900000000000002 0.5795